#####################################################################
# Alchemist log file - simulation started at: 2019-09-11T14:41+0000 #
#####################################################################
# 
#
# The columns have the following meaning: 
# time TetR[Mean] LacI[Mean] AcI[Mean] 
0.0 1.0 1.0 1.0 
1.6380421407650736 0.0 1.0 14.0 
3.0172188360378236 0.0 9.0 31.0 
4.549023458209144 0.0 20.0 36.0 
6.05595285393155 1.0 28.0 38.0 
7.505148027531343 20.0 37.0 45.0 
9.013443470860713 32.0 40.0 50.0 
10.51466232105399 42.0 48.0 59.0 
12.030963058536061 45.0 57.0 67.0 
13.566467901115262 57.0 56.0 74.0 
15.02090194961279 68.0 69.0 72.0 
16.503961718095095 68.0 78.0 72.0 
18.01371189609265 69.0 82.0 74.0 
19.55868751784794 75.0 86.0 79.0 
21.001891266465215 77.0 89.0 75.0 
22.52424535649663 76.0 85.0 65.0 
24.024286037253194 85.0 99.0 66.0 
25.551850028846005 89.0 100.0 67.0 
27.01403472294954 95.0 95.0 66.0 
28.554607468414027 94.0 100.0 66.0 
30.0046723260441 94.0 105.0 63.0 
31.53719221230759 94.0 111.0 60.0 
33.05119359131379 92.0 109.0 56.0 
34.50749813280298 93.0 114.0 66.0 
36.00030261820177 96.0 104.0 65.0 
37.508752710860264 99.0 110.0 68.0 
39.03398140769501 100.0 116.0 70.0 
40.50785629044047 99.0 115.0 65.0 
42.029252832682346 95.0 118.0 68.0 
43.52337182299703 94.0 115.0 76.0 
45.01069033643607 89.0 110.0 85.0 
46.503794164134135 87.0 120.0 84.0 
48.02574329657457 87.0 113.0 90.0 
49.50082130174266 96.0 101.0 90.0 
51.010295032397195 95.0 103.0 90.0 
52.51347193099615 103.0 106.0 96.0 
54.00799698319741 108.0 104.0 90.0 
55.579211013727466 104.0 99.0 88.0 
57.035459847305475 105.0 100.0 94.0 
58.50967470573769 99.0 104.0 101.0 
60.004942656559706 99.0 95.0 100.0 
61.501798612628384 104.0 95.0 101.0 
63.03438578154114 110.0 94.0 108.0 
64.50260002775886 105.0 92.0 110.0 
66.00407413625763 96.0 95.0 114.0 
67.53814716618261 83.0 98.0 104.0 
69.03905745160144 89.0 109.0 94.0 
70.53850580388175 97.0 119.0 90.0 
72.05641501159673 89.0 120.0 89.0 
73.50395164821408 92.0 114.0 87.0 
75.00090155318384 91.0 109.0 86.0 
76.50517233980867 89.0 113.0 88.0 
78.01934618935542 90.0 118.0 92.0 
79.51346080368394 76.0 124.0 92.0 
81.0084581787619 78.0 116.0 93.0 
82.50348000750704 80.0 107.0 113.0 
84.0141050515782 81.0 106.0 107.0 
85.50453589812388 81.0 105.0 102.0 
87.02640994762153 89.0 100.0 100.0 
88.51781615990639 101.0 95.0 104.0 
90.00336687093724 113.0 95.0 107.0 
91.50169470023543 109.0 97.0 103.0 
93.02233499896039 112.0 98.0 96.0 
94.50352035758175 107.0 96.0 99.0 
96.00940884692085 98.0 103.0 103.0 
97.53288135050815 100.0 102.0 96.0 
99.00534708139692 102.0 97.0 98.0 
100.52173157329767 100.0 99.0 95.0 
102.00863169890603 114.0 95.0 97.0 
103.51070923696388 103.0 102.0 92.0 
105.02780986168032 107.0 85.0 98.0 
106.51233243048317 96.0 82.0 99.0 
108.00956445967626 98.0 82.0 99.0 
109.51079180687947 92.0 82.0 93.0 
111.0150890245453 95.0 80.0 95.0 
112.534002971021 89.0 84.0 87.0 
114.02547615543834 98.0 84.0 90.0 
115.50720266326681 96.0 89.0 86.0 
117.00821212833449 105.0 93.0 96.0 
118.50418361482987 104.0 95.0 94.0 
120.00517651152337 114.0 93.0 100.0 
121.52586714629975 108.0 102.0 101.0 
123.03566380394246 107.0 108.0 106.0 
124.50695116828493 106.0 101.0 101.0 
126.00660534031121 112.0 90.0 98.0 
127.52830727761743 94.0 98.0 96.0 
129.02863810772484 94.0 99.0 92.0 
130.50229272479692 98.0 102.0 86.0 
132.00280787078924 84.0 97.0 75.0 
133.52776855108218 83.0 100.0 79.0 
135.0045170785375 78.0 96.0 81.0 
136.511284288651 78.0 96.0 80.0 
138.0393853186976 88.0 97.0 85.0 
139.5077649106265 88.0 106.0 82.0 
141.0227165246357 84.0 105.0 83.0 
142.50003819521336 78.0 105.0 83.0 
144.02403047217902 79.0 104.0 82.0 
145.50003690771103 82.0 101.0 83.0 
147.01506794375027 84.0 100.0 83.0 
148.53380098353855 78.0 103.0 78.0 
150.03806691342373 76.0 99.0 79.0 
151.51541757717033 85.0 95.0 81.0 
153.00963518394585 76.0 96.0 92.0 
154.53642459219455 83.0 93.0 99.0 
156.00205670749995 86.0 94.0 98.0 
157.5178999518147 93.0 84.0 101.0 
159.0131766371445 90.0 91.0 107.0 
160.50170901332422 88.0 96.0 100.0 
162.0263116677945 87.0 90.0 112.0 
163.50521756512774 88.0 93.0 110.0 
165.0578923600351 86.0 95.0 110.0 
166.6023536297798 91.0 89.0 113.0 
168.00365632928506 92.0 95.0 97.0 
169.5268972684973 87.0 100.0 78.0 
171.02539775326431 83.0 99.0 76.0 
172.5239453273806 81.0 90.0 81.0 
174.0177637288518 87.0 78.0 73.0 
175.5116481778897 88.0 82.0 76.0 
177.02267875646587 83.0 72.0 82.0 
178.50073887663697 82.0 65.0 86.0 
180.08137235286938 79.0 73.0 87.0 
181.51756066075305 86.0 87.0 84.0 
183.01453692743047 86.0 90.0 84.0 
184.520955531444 94.0 86.0 92.0 
186.02476704289643 100.0 100.0 91.0 
187.5450280965974 100.0 98.0 84.0 
189.00208597643646 98.0 106.0 85.0 
190.50482251248354 94.0 109.0 83.0 
192.00265024883416 96.0 109.0 96.0 
193.50197637930737 100.0 108.0 95.0 
195.00155319273773 102.0 106.0 96.0 
196.50884500740742 90.0 97.0 98.0 
198.0254338611361 90.0 103.0 106.0 
199.50541656387617 96.0 102.0 112.0 
201.06455624706723 102.0 97.0 109.0 
202.5047470611152 100.0 97.0 104.0 
204.0120265722794 94.0 103.0 99.0 
205.51003025621458 92.0 102.0 101.0 
207.0076998026525 102.0 98.0 102.0 
208.52623380607483 104.0 96.0 93.0 
210.01596409437522 109.0 94.0 93.0 
211.52795142849283 111.0 87.0 89.0 
213.0075037673357 102.0 88.0 92.0 
214.51198139408046 102.0 88.0 98.0 
216.01026071756513 95.0 79.0 97.0 
217.57551283215602 96.0 73.0 94.0 
219.0319328697247 103.0 78.0 104.0 
220.51221306512605 100.0 83.0 93.0 
222.00392512804171 100.0 83.0 90.0 
223.50273853178234 95.0 89.0 94.0 
225.0207751532865 92.0 89.0 95.0 
226.50111032897834 98.0 89.0 93.0 
228.02058589852783 94.0 88.0 91.0 
229.52738289260483 102.0 87.0 88.0 
231.0325446950646 95.0 84.0 93.0 
232.51019561435785 95.0 87.0 89.0 
234.01247714487172 94.0 86.0 94.0 
235.51385303244382 98.0 86.0 92.0 
237.00200677831452 94.0 81.0 90.0 
238.52657718185802 99.0 84.0 90.0 
240.01425501288205 95.0 81.0 92.0 
241.5086043147878 92.0 87.0 92.0 
243.01428954297353 94.0 89.0 95.0 
244.56038009809913 93.0 89.0 93.0 
246.00861509340285 97.0 91.0 92.0 
247.5088025403318 103.0 96.0 91.0 
249.04400683259146 107.0 92.0 96.0 
250.51845253860117 107.0 93.0 99.0 
252.03451220160846 109.0 98.0 99.0 
253.50395200080845 109.0 97.0 104.0 
255.04117168871144 114.0 96.0 96.0 
256.55086580492264 111.0 100.0 100.0 
258.00122863551013 106.0 100.0 100.0 
259.50878171780425 106.0 99.0 93.0 
261.0122536539183 106.0 99.0 85.0 
262.5115656740326 103.0 98.0 95.0 
264.01895534164396 101.0 99.0 100.0 
265.5055787149826 100.0 99.0 99.0 
267.00127619445345 98.0 94.0 95.0 
268.5020371144881 98.0 102.0 94.0 
270.04390910355494 94.0 106.0 103.0 
271.52325571869784 88.0 105.0 99.0 
273.00842738401394 88.0 103.0 91.0 
274.5017112930355 86.0 102.0 94.0 
276.0141574828681 93.0 111.0 85.0 
277.5538870880504 90.0 106.0 86.0 
279.0053344877965 90.0 112.0 84.0 
280.503293861834 88.0 110.0 91.0 
282.025612857842 87.0 116.0 101.0 
283.527436341494 81.0 118.0 99.0 
285.0294525452744 85.0 130.0 109.0 
286.52425920770463 85.0 114.0 99.0 
288.0101216485119 87.0 112.0 105.0 
289.5018910362743 96.0 93.0 109.0 
291.0171210516167 102.0 84.0 108.0 
292.5015375936315 97.0 86.0 114.0 
294.0719323426309 96.0 90.0 108.0 
295.5136682814886 93.0 90.0 115.0 
297.00451257019733 96.0 93.0 114.0 
298.5229972175371 91.0 95.0 106.0 
300.0076950471677 93.0 101.0 111.0 
301.50956139075464 93.0 100.0 108.0 
303.0072847266451 93.0 103.0 113.0 
304.505276680164 89.0 96.0 114.0 
306.00017814454276 93.0 96.0 110.0 
307.58093205129234 95.0 93.0 111.0 
309.0413047220973 93.0 102.0 104.0 
310.5036021433659 92.0 100.0 105.0 
312.000640131648 93.0 104.0 104.0 
313.57358924988137 99.0 106.0 98.0 
315.0015458635804 99.0 107.0 107.0 
316.5454977541998 88.0 106.0 103.0 
318.0053461384541 96.0 97.0 96.0 
319.50203472547844 91.0 96.0 101.0 
321.00425284495134 89.0 95.0 99.0 
322.5188538320731 90.0 89.0 102.0 
324.02411072797645 101.0 90.0 100.0 
325.50365719009676 107.0 99.0 100.0 
327.018672595156 116.0 100.0 105.0 
328.5064006753902 104.0 98.0 97.0 
330.0164910334424 101.0 100.0 105.0 
331.508297861824 103.0 104.0 104.0 
333.00974852032255 103.0 106.0 103.0 
334.50048666211086 99.0 98.0 100.0 
336.03661605202564 100.0 98.0 99.0 
337.50959953339475 98.0 92.0 91.0 
339.0242367223231 91.0 101.0 92.0 
340.5072488551071 93.0 103.0 89.0 
342.01405753139676 98.0 102.0 98.0 
343.5038052512086 99.0 97.0 100.0 
345.0037820868301 89.0 97.0 105.0 
346.55653242838554 92.0 96.0 98.0 
348.02162311589785 90.0 96.0 102.0 
349.5126851788823 90.0 101.0 107.0 
351.0028248097726 107.0 93.0 102.0 
352.5082136748895 103.0 83.0 106.0 
354.0143734804115 98.0 87.0 104.0 
355.52860934475916 100.0 87.0 109.0 
357.02006401282136 106.0 93.0 114.0 
358.5230438424851 109.0 95.0 106.0 
360.00736411192486 111.0 92.0 100.0 
361.5121265432349 109.0 91.0 100.0 
363.0020666563667 104.0 90.0 101.0 
364.5109517961961 108.0 84.0 97.0 
366.0498490830203 110.0 90.0 98.0 
367.50256090666016 110.0 88.0 101.0 
369.0320230096854 108.0 97.0 95.0 
370.50090668818547 120.0 105.0 99.0 
372.0145781146471 112.0 104.0 93.0 
373.5200036195913 109.0 108.0 90.0 
375.0285098038147 107.0 106.0 92.0 
376.514222064601 103.0 106.0 94.0 
378.00369478106404 99.0 105.0 100.0 
379.5073729051923 101.0 106.0 99.0 
381.0121953932992 98.0 106.0 99.0 
382.5216305884936 103.0 107.0 99.0 
384.0167352289197 111.0 106.0 92.0 
385.5154275825819 111.0 104.0 95.0 
387.007658485124 114.0 106.0 92.0 
388.5478414299011 126.0 100.0 102.0 
390.0156434031613 118.0 98.0 105.0 
391.5024659657152 107.0 104.0 106.0 
393.01474049326316 106.0 109.0 99.0 
394.5037324162276 100.0 107.0 109.0 
396.0041264261886 101.0 103.0 100.0 
397.51358863480266 98.0 107.0 109.0 
399.01370943152864 102.0 118.0 104.0 
400.5143608334635 108.0 119.0 101.0 
402.0181317332008 113.0 116.0 103.0 
403.5130891154971 107.0 120.0 94.0 
405.01752161815165 106.0 114.0 98.0 
406.51434034047406 95.0 109.0 102.0 
408.0071306337251 90.0 114.0 94.0 
409.52991276604484 97.0 112.0 89.0 
411.0306871141114 95.0 107.0 87.0 
412.5076939808411 94.0 111.0 92.0 
414.04537908976744 97.0 110.0 98.0 
415.52150373287753 102.0 114.0 98.0 
417.0056328159743 115.0 112.0 93.0 
418.50208169201204 116.0 115.0 93.0 
420.01476403849796 115.0 113.0 96.0 
421.52924968719776 110.0 119.0 100.0 
423.01170142662454 109.0 110.0 105.0 
424.5035185096904 107.0 108.0 104.0 
426.001836692027 102.0 114.0 102.0 
427.500793436972 116.0 121.0 107.0 
429.01823492409557 111.0 114.0 98.0 
430.5675479775357 102.0 110.0 88.0 
432.0042703040041 105.0 114.0 90.0 
433.5201484127567 97.0 121.0 88.0 
435.073385846192 96.0 121.0 90.0 
436.5100892940086 98.0 126.0 95.0 
438.00370097558437 97.0 129.0 93.0 
439.5432887224971 91.0 128.0 95.0 
441.0142059132971 93.0 120.0 82.0 
442.5123731634655 91.0 123.0 94.0 
444.00346963044313 97.0 111.0 87.0 
445.51626252552 101.0 106.0 91.0 
447.00167449070915 98.0 99.0 86.0 
448.50450432480056 96.0 99.0 82.0 
450.000887119472 98.0 103.0 76.0 
451.525465357443 101.0 103.0 79.0 
453.0128031248969 98.0 106.0 86.0 
454.53141974416053 95.0 106.0 84.0 
456.0524669722275 91.0 99.0 93.0 
457.5275383247901 91.0 98.0 91.0 
459.0054855288006 90.0 97.0 102.0 
460.53244807254237 84.0 106.0 98.0 
462.00612337670674 76.0 97.0 103.0 
463.51474215314164 77.0 104.0 104.0 
465.04585986333916 76.0 107.0 108.0 
466.5025636104914 76.0 99.0 106.0 
468.00673413607535 75.0 100.0 108.0 
469.50372469540036 76.0 104.0 114.0 
471.0134140283906 75.0 103.0 109.0 
472.5107084281198 84.0 101.0 108.0 
474.0039094623923 90.0 111.0 102.0 
475.50655037241165 90.0 104.0 104.0 
477.02185799078916 94.0 101.0 97.0 
478.50077451461226 93.0 98.0 96.0 
480.00345776248736 88.0 102.0 99.0 
481.5053472019325 83.0 90.0 108.0 
483.0085389079998 82.0 96.0 117.0 
484.50312529678183 86.0 94.0 113.0 
486.0299366831411 83.0 99.0 114.0 
487.5014916383795 82.0 106.0 107.0 
489.0052446206451 84.0 108.0 104.0 
490.514776746479 80.0 103.0 111.0 
492.00472212671974 84.0 97.0 117.0 
493.5187065706212 80.0 104.0 119.0 
495.06196935072006 67.0 102.0 123.0 
496.50333579226685 64.0 101.0 113.0 
498.02809137122824 71.0 97.0 110.0 
499.5139372506148 70.0 96.0 111.0 
501.0244869142411 71.0 92.0 104.0 
502.5026506530263 79.0 99.0 109.0 
504.00905042335756 87.0 94.0 106.0 
505.50831456275426 85.0 90.0 103.0 
507.01730826455287 85.0 85.0 109.0 
508.57317297161035 81.0 90.0 109.0 
510.01268910072594 87.0 95.0 111.0 
511.5050280018778 90.0 98.0 109.0 
513.0368804429908 92.0 96.0 111.0 
514.5036237734005 87.0 95.0 114.0 
516.0598155886983 89.0 94.0 114.0 
517.529451130693 89.0 98.0 116.0 
519.0266922136312 91.0 98.0 112.0 
520.5210624038841 96.0 88.0 110.0 
522.0061724239782 91.0 86.0 102.0 
523.533093012607 102.0 81.0 95.0 
525.0060603177037 105.0 81.0 97.0 
526.5025325328997 111.0 85.0 102.0 
528.0032652586973 112.0 83.0 117.0 
529.5003233360792 117.0 81.0 116.0 
531.0137993676648 116.0 82.0 122.0 
532.5014547779853 122.0 81.0 114.0 
534.0052462263357 123.0 81.0 112.0 
535.5265439579496 130.0 87.0 113.0 
537.0106417639049 116.0 91.0 117.0 
538.5001794673445 122.0 91.0 116.0 
540.0186442858436 118.0 83.0 113.0 
541.5034806384157 120.0 90.0 108.0 
543.0336535681026 112.0 98.0 110.0 
544.5083875920435 109.0 101.0 112.0 
546.012162356475 101.0 106.0 107.0 
547.5122205925277 104.0 107.0 98.0 
549.0378879012193 89.0 113.0 106.0 
550.5332757973255 91.0 117.0 112.0 
552.0370893223712 85.0 113.0 107.0 
553.5393055973173 83.0 108.0 104.0 
555.0293360276643 85.0 99.0 108.0 
556.5254529608357 83.0 95.0 104.0 
558.0053404229859 80.0 96.0 97.0 
559.5014845816961 84.0 100.0 90.0 
561.0237522666795 87.0 99.0 87.0 
562.5139958700212 91.0 100.0 90.0 
564.0080838978354 94.0 106.0 95.0 
565.524137526914 97.0 106.0 97.0 
567.0219978416051 93.0 108.0 101.0 
568.5484104758096 97.0 99.0 94.0 
570.0182224842227 94.0 99.0 98.0 
571.5531871735532 99.0 97.0 99.0 
573.016995784126 97.0 93.0 97.0 
574.5088231804918 100.0 97.0 96.0 
576.0178128264143 103.0 100.0 92.0 
577.5005914817851 97.0 107.0 96.0 
579.0058822736843 85.0 101.0 92.0 
580.504438585822 85.0 103.0 91.0 
582.0181226408483 92.0 102.0 92.0 
583.5756311949136 90.0 102.0 95.0 
585.0769615706358 93.0 106.0 100.0 
586.5059221981726 103.0 108.0 94.0 
588.0006396961118 107.0 102.0 96.0 
589.544827098434 98.0 103.0 92.0 
591.0189776676915 108.0 104.0 91.0 
592.5076215706915 109.0 93.0 95.0 
594.0070102761332 112.0 84.0 100.0 
595.5134897572609 102.0 87.0 103.0 
597.020701770725 105.0 84.0 98.0 
598.5016176324966 108.0 91.0 106.0 
600.0304255494142 105.0 93.0 110.0 
601.5016421205293 112.0 93.0 108.0 
603.008915478195 110.0 103.0 99.0 
604.5379498529144 117.0 102.0 91.0 
606.0028425219823 121.0 96.0 103.0 
607.5054842121733 116.0 90.0 106.0 
609.0035819075583 115.0 87.0 106.0 
610.5120291505361 112.0 84.0 93.0 
612.0005799828646 116.0 83.0 96.0 
613.509224472357 108.0 84.0 98.0 
615.0123431873689 115.0 87.0 103.0 
616.5087846972731 107.0 92.0 97.0 
618.0329212272842 102.0 98.0 89.0 
619.5071815825194 104.0 99.0 86.0 
621.029711105823 98.0 103.0 71.0 
622.5056018354464 107.0 101.0 65.0 
624.0169347400017 110.0 107.0 69.0 
625.5255951438389 111.0 107.0 78.0 
627.0292812050554 109.0 101.0 87.0 
628.5048834770291 110.0 102.0 91.0 
630.0007119777313 103.0 109.0 90.0 
631.5070787706281 99.0 114.0 85.0 
633.0153342220274 105.0 105.0 78.0 
634.5294953343706 99.0 103.0 83.0 
636.0671442085743 101.0 106.0 89.0 
637.503546582832 105.0 108.0 92.0 
639.0246791943437 99.0 102.0 92.0 
640.5353907342412 101.0 102.0 98.0 
642.0100658063618 103.0 98.0 99.0 
643.5413023808491 106.0 100.0 97.0 
645.0197923574761 107.0 87.0 105.0 
646.5171448525322 99.0 85.0 105.0 
648.0515133469767 100.0 87.0 106.0 
649.5062785078785 97.0 83.0 107.0 
651.0041196664482 95.0 83.0 98.0 
652.5054775763907 92.0 83.0 96.0 
654.0029406823986 94.0 83.0 103.0 
655.5009009298744 101.0 85.0 92.0 
657.0389658563162 100.0 89.0 97.0 
658.5320805966585 100.0 89.0 98.0 
660.03716342253 94.0 83.0 100.0 
661.5190256976941 101.0 75.0 104.0 
663.0141996789082 104.0 80.0 110.0 
664.5405060652115 109.0 81.0 101.0 
666.0647588440177 109.0 77.0 100.0 
667.5006164840045 105.0 75.0 104.0 
669.0129553242467 106.0 76.0 112.0 
670.5115221989208 108.0 78.0 108.0 
672.0177019635846 97.0 80.0 107.0 
673.5002579026219 92.0 77.0 101.0 
675.0078737065957 84.0 82.0 98.0 
676.5416523721096 72.0 80.0 105.0 
678.0100211009177 69.0 86.0 113.0 
679.5436173900428 69.0 88.0 111.0 
681.0390557560728 76.0 91.0 119.0 
682.5081665108817 77.0 93.0 119.0 
684.0239100252508 81.0 102.0 116.0 
685.5031695608174 82.0 101.0 123.0 
687.0057857918847 83.0 103.0 126.0 
688.5337315691473 82.0 105.0 124.0 
690.0451721647901 94.0 105.0 116.0 
691.5114426181132 95.0 102.0 110.0 
693.0147801386913 95.0 98.0 106.0 
694.5100574908859 93.0 94.0 91.0 
696.0097863920297 87.0 81.0 99.0 
697.5061304427653 92.0 89.0 101.0 
699.0268200557496 89.0 94.0 95.0 
700.5067220671672 92.0 93.0 101.0 
702.0035646362479 101.0 97.0 100.0 
703.5042090964391 104.0 98.0 101.0 
705.0157660724818 103.0 99.0 87.0 
706.5101130738218 104.0 93.0 79.0 
708.0202791825183 106.0 86.0 84.0 
709.5475912192414 107.0 97.0 86.0 
711.0166159972277 104.0 97.0 84.0 
712.5009868344343 107.0 101.0 79.0 
714.0109294257273 107.0 105.0 83.0 
715.5116848023548 105.0 101.0 84.0 
717.0035936207519 105.0 112.0 87.0 
718.5053418301275 99.0 109.0 83.0 
720.0131222421421 100.0 102.0 82.0 
721.5601140379538 97.0 107.0 76.0 
723.0100098507424 89.0 108.0 81.0 
724.5226570861863 88.0 112.0 82.0 
726.008926667049 81.0 111.0 99.0 
727.5086010667716 78.0 112.0 102.0 
729.0017122036743 78.0 105.0 109.0 
730.5326657173789 77.0 103.0 120.0 
732.0133638104319 79.0 101.0 109.0 
733.5040400653885 74.0 99.0 106.0 
735.0021343768404 82.0 97.0 107.0 
736.5006007569947 86.0 94.0 110.0 
738.0099391342812 87.0 97.0 113.0 
739.5055832312821 100.0 102.0 114.0 
741.01571827408 98.0 103.0 117.0 
742.513768135701 97.0 99.0 106.0 
744.0130500576112 90.0 104.0 93.0 
745.5299766364839 93.0 100.0 90.0 
747.0180549780514 100.0 96.0 91.0 
748.524887430273 98.0 101.0 95.0 
750.0184928105419 98.0 96.0 89.0 
751.5691783013187 93.0 91.0 85.0 
753.0031144614994 93.0 92.0 91.0 
754.6246304391731 89.0 94.0 94.0 
756.0153475927372 89.0 92.0 97.0 
757.5148707891547 102.0 96.0 92.0 
759.0006926903944 93.0 105.0 87.0 
760.504918125864 93.0 109.0 94.0 
762.0024490152233 95.0 108.0 100.0 
763.5168396751249 104.0 100.0 106.0 
765.0170748497989 106.0 102.0 106.0 
766.5179130220554 107.0 102.0 114.0 
768.0273466090867 101.0 98.0 116.0 
769.5199154677084 108.0 104.0 121.0 
771.0058153862634 112.0 97.0 117.0 
772.5143660280056 112.0 100.0 118.0 
774.0394224127849 111.0 99.0 110.0 
775.5189600133725 97.0 100.0 102.0 
777.0220376706569 92.0 102.0 103.0 
778.5059723126267 91.0 98.0 96.0 
780.0386706435503 94.0 103.0 97.0 
781.5009337058159 93.0 105.0 104.0 
783.0052719725846 95.0 107.0 105.0 
784.5040638580704 98.0 103.0 107.0 
786.0243449919158 98.0 104.0 113.0 
787.5019689803883 98.0 103.0 112.0 
789.0447987165528 93.0 109.0 117.0 
790.5127207074405 95.0 108.0 115.0 
792.0164255643967 96.0 119.0 127.0 
793.5514387229488 110.0 112.0 122.0 
795.0016065020221 110.0 120.0 124.0 
796.5826213934586 106.0 103.0 121.0 
798.0071286704341 100.0 111.0 124.0 
799.52103729939 96.0 119.0 120.0 
801.0012372623002 93.0 123.0 127.0 
802.5285799699649 93.0 115.0 117.0 
804.0023234899057 100.0 116.0 117.0 
805.5042299532403 107.0 115.0 123.0 
807.0040231050846 101.0 115.0 114.0 
808.5183520696678 94.0 113.0 109.0 
810.0060953066028 97.0 110.0 108.0 
811.5266203225721 99.0 105.0 118.0 
813.0135137561981 99.0 106.0 117.0 
814.5114868521786 101.0 107.0 106.0 
816.00490281482 89.0 100.0 103.0 
817.5129550887625 87.0 90.0 99.0 
819.0170836371868 94.0 91.0 103.0 
820.5921457645192 102.0 99.0 103.0 
822.0022654098175 101.0 105.0 111.0 
823.5133333232184 93.0 106.0 111.0 
825.0038201652699 92.0 109.0 107.0 
826.5223695395019 88.0 106.0 97.0 
828.0097052862611 98.0 104.0 97.0 
829.5278441856192 97.0 100.0 96.0 
831.0196830925627 105.0 87.0 93.0 
832.5194519692195 105.0 91.0 94.0 
834.0064420089784 112.0 92.0 97.0 
835.5608823628463 116.0 97.0 91.0 
837.0072548369191 121.0 95.0 92.0 
838.5046782334676 123.0 97.0 91.0 
840.0044004417036 118.0 97.0 96.0 
841.5045859424812 106.0 103.0 99.0 
843.0034989276784 96.0 107.0 94.0 
844.5016455685029 102.0 100.0 90.0 
846.0118382103982 97.0 99.0 82.0 
847.5015719836827 94.0 101.0 91.0 
849.0081059709366 94.0 96.0 102.0 
850.5411948279317 95.0 98.0 106.0 
852.071868692176 106.0 91.0 104.0 
853.5050426695387 108.0 80.0 111.0 
855.0611214237924 104.0 69.0 110.0 
856.5091642267372 100.0 76.0 117.0 
858.0050409781074 93.0 79.0 119.0 
859.5287114671796 99.0 84.0 125.0 
861.0241397792392 89.0 85.0 119.0 
862.516444295466 85.0 91.0 116.0 
864.0110734697973 85.0 93.0 115.0 
865.5427673837165 82.0 91.0 116.0 
867.016977353601 81.0 94.0 112.0 
868.5019313667499 92.0 97.0 118.0 
870.0046415316583 82.0 101.0 117.0 
871.5432554967788 82.0 99.0 120.0 
873.0118419539968 83.0 95.0 122.0 
874.5494357938852 84.0 94.0 115.0 
876.0118381859836 86.0 91.0 112.0 
877.5065949457979 88.0 91.0 99.0 
879.0316032083654 95.0 97.0 106.0 
880.5011970456432 93.0 103.0 99.0 
882.0174901055664 99.0 106.0 99.0 
883.502386033041 104.0 108.0 97.0 
885.0018994114082 105.0 110.0 100.0 
886.5019894251374 114.0 102.0 104.0 
888.0060094305768 116.0 104.0 112.0 
889.5325442842562 111.0 105.0 110.0 
891.0170229439997 115.0 106.0 100.0 
892.5024274389696 103.0 100.0 99.0 
894.0002510187129 100.0 109.0 87.0 
895.5285863412472 100.0 102.0 86.0 
897.005533602775 102.0 106.0 98.0 
898.5543550492855 102.0 94.0 92.0 
900.0218636210067 107.0 82.0 89.0 
901.5397729429851 106.0 79.0 87.0 
903.0287562150081 105.0 79.0 87.0 
904.5252376782762 110.0 82.0 88.0 
906.0066143353841 114.0 89.0 93.0 
907.5069784708886 108.0 95.0 89.0 
909.0474831731635 103.0 106.0 92.0 
910.5097359955248 102.0 109.0 92.0 
912.0054846573637 97.0 112.0 94.0 
913.5399383052081 93.0 112.0 100.0 
915.0102112386038 92.0 111.0 98.0 
916.5031076540133 95.0 108.0 98.0 
918.0047370788047 92.0 118.0 90.0 
919.5008168653869 94.0 112.0 88.0 
921.0108401867594 94.0 114.0 82.0 
922.519305634304 87.0 108.0 91.0 
924.0059048383719 90.0 109.0 99.0 
925.5098147725312 85.0 105.0 100.0 
927.0259888650858 82.0 106.0 102.0 
928.5099998675558 84.0 105.0 106.0 
930.0371414700305 88.0 100.0 102.0 
931.5181417509991 88.0 100.0 103.0 
933.0111703887729 85.0 97.0 102.0 
934.5163998448829 86.0 97.0 117.0 
936.0017074166634 84.0 97.0 119.0 
937.5398864228621 87.0 98.0 116.0 
939.0018638482148 92.0 92.0 110.0 
940.5139966094356 98.0 102.0 113.0 
942.0220850142101 93.0 109.0 96.0 
943.5160743680686 92.0 105.0 96.0 
945.0044359181276 86.0 101.0 96.0 
946.5056359631948 91.0 101.0 95.0 
948.0009000488288 98.0 98.0 102.0 
949.5401460193036 95.0 98.0 99.0 
951.0069414022403 93.0 97.0 105.0 
952.5415790873045 96.0 95.0 101.0 
954.0452554127263 96.0 97.0 100.0 
955.5122826551277 98.0 92.0 107.0 
957.0052575172344 97.0 94.0 103.0 
958.5316528271921 111.0 94.0 97.0 
960.0206529698689 106.0 92.0 101.0 
961.5234157522906 92.0 89.0 104.0 
963.0062600222383 92.0 86.0 109.0 
964.5215805413134 99.0 86.0 99.0 
966.0380290135278 94.0 97.0 99.0 
967.5210224565974 90.0 95.0 109.0 
969.0026902754714 99.0 97.0 118.0 
970.5117196392348 102.0 88.0 114.0 
972.0009020930831 95.0 88.0 103.0 
973.5030448044491 98.0 92.0 103.0 
975.0089755766884 95.0 91.0 101.0 
976.5054452277584 98.0 86.0 98.0 
978.0331464496388 93.0 93.0 91.0 
979.5183463791799 82.0 94.0 101.0 
981.0250606204728 73.0 96.0 103.0 
982.5267038764342 73.0 96.0 98.0 
984.0207105396466 78.0 92.0 102.0 
985.5018588571046 82.0 88.0 103.0 
987.0273420111857 79.0 100.0 104.0 
988.5095950183636 79.0 103.0 101.0 
990.0146166733515 81.0 102.0 101.0 
991.518407462469 79.0 106.0 97.0 
993.0028748011193 85.0 106.0 99.0 
994.5319211466914 77.0 107.0 99.0 
996.0242272981554 74.0 107.0 100.0 
997.525977471277 67.0 109.0 102.0 
999.0332422709109 78.0 112.0 105.0 
1000.5109379087397 80.0 106.0 101.0 
1002.0101977173275 81.0 92.0 100.0 
1003.5229878980801 79.0 98.0 119.0 
1005.0089236922688 83.0 100.0 113.0 
1006.5174093355109 95.0 91.0 104.0 
1008.0354761449244 86.0 102.0 109.0 
1009.5066236645758 94.0 91.0 119.0 
1011.0020511212275 91.0 88.0 107.0 
1012.5006875343137 94.0 85.0 114.0 
1014.0569177848228 96.0 87.0 110.0 
1015.5145331820573 96.0 74.0 118.0 
1017.00056880304 93.0 84.0 112.0 
1018.513174477308 97.0 86.0 114.0 
1020.010557949969 109.0 84.0 118.0 
1021.5308794335679 102.0 84.0 112.0 
1023.0151813082471 106.0 93.0 118.0 
1024.507115289991 111.0 97.0 106.0 
1026.005488157363 108.0 99.0 106.0 
1027.5113078150532 105.0 95.0 111.0 
1029.014084994689 101.0 94.0 122.0 
1030.5385673012697 103.0 91.0 114.0 
1032.0585608346842 107.0 92.0 106.0 
1033.5342215753349 98.0 91.0 105.0 
1035.0078468820243 98.0 89.0 110.0 
1036.5212088689811 101.0 89.0 114.0 
1038.0122515888659 106.0 99.0 116.0 
1039.5055398420147 102.0 110.0 111.0 
1041.037554139246 101.0 113.0 117.0 
1042.5225253078675 93.0 114.0 110.0 
1044.0053931540854 97.0 111.0 107.0 
1045.5169423660159 96.0 106.0 112.0 
1047.0341060193398 93.0 103.0 103.0 
1048.5442805345094 93.0 96.0 100.0 
1050.0238133491407 96.0 107.0 98.0 
1051.5009439401222 101.0 112.0 100.0 
1053.0057768296676 98.0 111.0 108.0 
1054.5000785018406 95.0 103.0 106.0 
1056.017076241955 97.0 100.0 106.0 
1057.5242106829228 111.0 108.0 101.0 
1059.0140521830376 96.0 108.0 101.0 
1060.5462493533594 103.0 105.0 97.0 
1062.0328216637947 105.0 101.0 94.0 
1063.507014024611 106.0 107.0 98.0 
1065.0092480157211 108.0 106.0 100.0 
1066.5039176490086 100.0 112.0 100.0 
1068.0123949974266 94.0 102.0 110.0 
1069.5042654176375 89.0 101.0 104.0 
1071.009904963437 92.0 95.0 100.0 
1072.5146587254667 92.0 98.0 104.0 
1074.0269097274293 99.0 98.0 106.0 
1075.522279355424 99.0 98.0 105.0 
1077.007718514328 92.0 100.0 103.0 
1078.5238526536639 98.0 101.0 114.0 
1080.0047239120372 103.0 96.0 100.0 
1081.510954223628 106.0 102.0 98.0 
1083.0055835348894 112.0 94.0 93.0 
1084.5358761989924 117.0 102.0 86.0 
1086.0305314591835 112.0 102.0 95.0 
1087.522921043626 120.0 107.0 100.0 
1089.0075976986063 126.0 97.0 99.0 
1090.5047891600882 126.0 84.0 96.0 
1092.0012357251587 122.0 86.0 84.0 
1093.5189536533292 123.0 91.0 85.0 
1095.0198671862208 126.0 91.0 83.0 
1096.5062882288125 122.0 97.0 86.0 
1098.0007852009655 123.0 94.0 84.0 
1099.5239448856469 130.0 97.0 89.0 
1101.0501206591944 120.0 89.0 95.0 
1102.5020393020811 116.0 97.0 96.0 
1104.002872868056 117.0 96.0 96.0 
1105.5005979964428 106.0 91.0 89.0 
1107.0205611918147 101.0 94.0 81.0 
1108.5148341266029 109.0 98.0 88.0 
1110.0088931308778 111.0 103.0 99.0 
1111.5126123863615 106.0 94.0 100.0 
1113.0164125100375 100.0 95.0 98.0 
1114.500563511928 102.0 95.0 98.0 
1116.0068070255727 104.0 101.0 97.0 
1117.5211363819265 100.0 105.0 104.0 
1119.008512327119 102.0 97.0 107.0 
1120.5224321692565 93.0 90.0 107.0 
1122.0223878266004 89.0 95.0 107.0 
1123.534244797397 84.0 94.0 110.0 
1125.0025896285254 88.0 90.0 104.0 
1126.5106605742537 95.0 92.0 103.0 
1128.032364872548 102.0 95.0 92.0 
1129.5078517701268 100.0 98.0 86.0 
1131.0382963752486 101.0 94.0 76.0 
1132.518728346883 94.0 98.0 80.0 
1134.0353876717159 92.0 98.0 82.0 
1135.5101591062282 97.0 97.0 88.0 
1137.0068267059812 96.0 99.0 94.0 
1138.5929455372404 103.0 99.0 96.0 
1140.0130287874642 99.0 98.0 96.0 
1141.53359285006 101.0 102.0 95.0 
1143.0097680659235 103.0 97.0 99.0 
1144.5206070490915 119.0 103.0 107.0 
1146.0011270932998 112.0 100.0 108.0 
1147.500620926308 108.0 104.0 110.0 
1149.0258470246965 106.0 102.0 108.0 
1150.5684449717185 99.0 106.0 103.0 
1152.0145972280186 90.0 99.0 102.0 
1153.5061449670718 85.0 102.0 107.0 
1155.0334195773569 91.0 98.0 106.0 
1156.5081952292974 94.0 91.0 108.0 
1158.0189804032661 87.0 94.0 103.0 
1159.5336359197656 85.0 94.0 106.0 
1161.0094178260724 86.0 90.0 107.0 
1162.5188176752088 88.0 95.0 92.0 
1164.008606226302 101.0 106.0 85.0 
1165.5147808127783 98.0 102.0 94.0 
1167.0193482397995 98.0 96.0 98.0 
1168.5083116926967 92.0 94.0 102.0 
1170.003473775817 90.0 97.0 98.0 
1171.5268184914696 92.0 94.0 101.0 
1173.0255512856504 89.0 101.0 99.0 
1174.5174238583613 89.0 94.0 95.0 
1176.0326645331093 91.0 95.0 96.0 
1177.5221716305543 91.0 100.0 96.0 
1179.0399407084815 92.0 100.0 98.0 
1180.5271267240207 90.0 113.0 98.0 
1182.013140069424 78.0 120.0 97.0 
1183.517062709619 82.0 113.0 96.0 
1185.0406437318666 82.0 104.0 102.0 
1186.510987886646 86.0 104.0 97.0 
1188.009056705297 90.0 103.0 91.0 
1189.5013843862278 88.0 102.0 86.0 
1191.0014045225817 80.0 101.0 77.0 
1192.5074294065498 82.0 105.0 81.0 
1194.0002516350905 90.0 99.0 85.0 
1195.5062575258462 90.0 98.0 82.0 
1197.0002457432338 93.0 99.0 75.0 
1198.5062685513165 95.0 96.0 80.0 
1200.0090007218344 91.0 93.0 82.0 
1201.517071821608 97.0 92.0 82.0 
1203.000097214844 102.0 95.0 87.0 
1204.5106329759851 97.0 87.0 91.0 
1206.0109482358662 98.0 89.0 89.0 
1207.5005037586543 99.0 88.0 92.0 
1209.0155614695525 94.0 90.0 99.0 
1210.5108070725844 91.0 90.0 96.0 
1212.0049947398704 87.0 101.0 95.0 
1213.511154789515 87.0 97.0 97.0 
1215.0110143889106 77.0 101.0 100.0 
1216.5093981602367 85.0 105.0 111.0 
1218.002016824533 91.0 102.0 114.0 
1219.5490543194205 92.0 104.0 111.0 
1221.0106047642469 96.0 100.0 106.0 
1222.5004924040275 92.0 94.0 107.0 
1224.0056635331307 99.0 97.0 109.0 
1225.5096174170658 96.0 92.0 123.0 
1227.060769590914 91.0 93.0 115.0 
1228.5073605896887 89.0 91.0 117.0 
1230.0282647643376 88.0 97.0 123.0 
1231.545707152731 88.0 94.0 121.0 
1233.021273044279 78.0 94.0 110.0 
1234.5085471601813 90.0 97.0 102.0 
1236.0277474901875 92.0 106.0 106.0 
1237.5026909068556 89.0 107.0 97.0 
1239.0062017130242 93.0 102.0 93.0 
1240.505030850975 95.0 106.0 86.0 
1242.0441314186717 93.0 109.0 80.0 
1243.5004527658725 96.0 106.0 83.0 
1245.0092370361456 97.0 99.0 81.0 
1246.504891414899 94.0 102.0 88.0 
1248.002897080032 95.0 112.0 82.0 
1249.5149658253922 96.0 114.0 89.0 
1251.0325611219687 96.0 113.0 91.0 
1252.5361672546999 90.0 114.0 86.0 
1254.0239864001385 96.0 115.0 95.0 
1255.5095846534034 101.0 112.0 97.0 
1257.0106583249114 98.0 104.0 92.0 
1258.5062685244834 95.0 111.0 89.0 
1260.0103894613187 99.0 102.0 89.0 
1261.5097962805414 98.0 101.0 97.0 
1263.006533334683 91.0 107.0 86.0 
1264.5042780959268 87.0 105.0 88.0 
1266.0087924140382 85.0 103.0 83.0 
1267.5077974418155 86.0 102.0 91.0 
1269.0605986668002 91.0 94.0 100.0 
1270.5037130249602 94.0 93.0 101.0 
1272.0198985036354 85.0 94.0 97.0 
1273.5122533129866 87.0 86.0 97.0 
1275.0138038860766 92.0 95.0 96.0 
1276.5210547412923 90.0 91.0 96.0 
1278.012757517227 90.0 94.0 103.0 
1279.5117496090356 107.0 95.0 103.0 
1281.0001045016836 101.0 93.0 106.0 
1282.5179076935221 107.0 99.0 98.0 
1284.0000641107763 101.0 98.0 99.0 
1285.5144388319968 104.0 97.0 104.0 
1287.0099405436695 101.0 98.0 107.0 
1288.5311880235045 104.0 98.0 101.0 
1290.0117944587923 106.0 94.0 98.0 
1291.5016714616845 106.0 87.0 100.0 
1293.0298139582712 102.0 86.0 102.0 
1294.5098434157662 93.0 77.0 96.0 
1296.004141199375 101.0 75.0 102.0 
1297.500282479703 113.0 76.0 96.0 
1299.0109111336637 106.0 77.0 99.0 
1300.508335147631 96.0 79.0 96.0 
1302.0168744837817 109.0 82.0 99.0 
1303.5218386126876 111.0 89.0 94.0 
1305.0423227100741 104.0 86.0 95.0 
1306.533690793027 106.0 77.0 89.0 
1308.0178515386308 100.0 71.0 99.0 
1309.5157222161286 109.0 70.0 97.0 
1311.0053646111187 106.0 77.0 96.0 
1312.527017575415 101.0 77.0 109.0 
1314.0177598269217 105.0 83.0 111.0 
1315.5134364279315 105.0 82.0 101.0 
1317.003818519344 109.0 84.0 102.0 
1318.5006570794376 99.0 91.0 105.0 
1320.0142210571378 96.0 98.0 105.0 
1321.5031906083123 90.0 102.0 102.0 
1323.0395658759073 85.0 102.0 98.0 
1324.5015460932802 95.0 96.0 90.0 
1326.0104678666326 98.0 96.0 86.0 
1327.505168457791 98.0 92.0 86.0 
1329.010068910369 98.0 108.0 91.0 
1330.511743146567 104.0 108.0 90.0 
1332.0748410396986 99.0 111.0 92.0 
1333.5313376810195 101.0 111.0 93.0 
1335.0082062290785 101.0 112.0 88.0 
1336.504121439901 101.0 106.0 95.0 
1338.0175303937585 98.0 107.0 95.0 
1339.5003512119536 97.0 104.0 100.0 
1341.0028796691536 93.0 109.0 97.0 
1342.5139311624562 97.0 104.0 97.0 
1344.0132315725107 97.0 104.0 94.0 
1345.518869359817 99.0 102.0 93.0 
1347.0266551626612 98.0 118.0 90.0 
1348.5094598443943 98.0 115.0 94.0 
1350.0136693480138 96.0 113.0 93.0 
1351.5018349519974 93.0 117.0 98.0 
1353.0051221618753 100.0 118.0 93.0 
1354.529358950743 91.0 112.0 92.0 
1356.0083465309763 94.0 108.0 96.0 
1357.5671986248985 99.0 110.0 91.0 
1359.0031630355336 92.0 106.0 91.0 
1360.5127372336449 97.0 113.0 95.0 
1362.0058940436588 103.0 111.0 88.0 
1363.5506037958037 100.0 96.0 93.0 
1365.002196405651 104.0 100.0 99.0 
1366.5010758978044 103.0 102.0 93.0 
1368.0163051299478 109.0 101.0 96.0 
1369.503935851806 105.0 100.0 98.0 
1371.0236841478293 104.0 92.0 105.0 
1372.502627351229 95.0 89.0 114.0 
1374.0078902403006 105.0 85.0 111.0 
1375.5082348706933 105.0 84.0 112.0 
1377.0066317872431 104.0 80.0 109.0 
1378.5055900458044 103.0 79.0 103.0 
1380.0082540326273 108.0 88.0 105.0 
1381.500006530821 103.0 86.0 101.0 
1383.0013418101973 101.0 95.0 94.0 
1384.517965149055 108.0 95.0 103.0 
1386.0062631872797 100.0 88.0 106.0 
1387.5241973328725 94.0 86.0 106.0 
1389.0322238074011 99.0 84.0 99.0 
1390.5212375568533 98.0 83.0 105.0 
1392.0019325909261 101.0 77.0 109.0 
1393.5195196458062 101.0 77.0 111.0 
1395.0076433531779 90.0 80.0 107.0 
1396.5375004974674 85.0 83.0 117.0 
1398.0039621583326 87.0 84.0 115.0 
1399.500638425626 89.0 85.0 114.0 
1401.0550582153155 86.0 85.0 114.0 
1402.514461112996 91.0 98.0 111.0 
1404.0428138633781 92.0 97.0 110.0 
1405.5017172877015 92.0 97.0 116.0 
1407.0256996073274 92.0 94.0 109.0 
1408.5388400967886 95.0 100.0 105.0 
1410.012713061815 89.0 98.0 93.0 
1411.5029542114114 97.0 91.0 95.0 
1413.0195822585968 91.0 108.0 85.0 
1414.5210147861096 81.0 108.0 83.0 
1416.0114353736972 93.0 104.0 89.0 
1417.5225267140454 104.0 101.0 82.0 
1419.0206169474013 105.0 99.0 87.0 
1420.5139007248408 111.0 99.0 84.0 
1422.0044912962744 106.0 99.0 84.0 
1423.5042019097293 107.0 101.0 81.0 
1425.0111039119613 93.0 98.0 87.0 
1426.5278482474487 82.0 97.0 86.0 
1428.0022478062915 71.0 99.0 94.0 
1429.5160684926782 76.0 103.0 88.0 
1431.0135529957954 78.0 105.0 88.0 
1432.5229134478407 84.0 99.0 89.0 
1434.004233223549 84.0 98.0 98.0 
1435.536187056017 84.0 101.0 101.0 
1437.0019825487823 87.0 118.0 93.0 
1438.510736847892 88.0 114.0 97.0 
1440.0065853933788 103.0 122.0 101.0 
1441.5191187178496 102.0 119.0 106.0 
1443.0118551492758 107.0 111.0 103.0 
1444.5123386911582 116.0 114.0 108.0 
1446.0152714276924 110.0 118.0 103.0 
1447.5459687873538 100.0 108.0 108.0 
1449.039890082114 108.0 114.0 107.0 
1450.5199150228061 107.0 112.0 106.0 
1452.0001387599814 113.0 112.0 101.0 
1453.5016093312038 116.0 107.0 93.0 
1455.0050418683113 113.0 99.0 93.0 
1456.553554661861 111.0 90.0 94.0 
1458.0207294628142 114.0 97.0 86.0 
1459.5291800357518 112.0 97.0 97.0 
1461.0250796384087 118.0 100.0 93.0 
1462.5092162013393 112.0 103.0 87.0 
1464.0062902880375 104.0 111.0 85.0 
1465.500473391815 103.0 106.0 95.0 
1467.0139369838246 93.0 114.0 94.0 
1468.5410190624214 96.0 114.0 93.0 
1470.0048432270603 97.0 106.0 97.0 
1471.520943945261 92.0 101.0 96.0 
1473.1223659158495 93.0 99.0 90.0 
1474.5320303889507 98.0 94.0 91.0 
1476.0028271658211 95.0 92.0 91.0 
1477.5002316305531 92.0 92.0 84.0 
1479.0144039038469 87.0 92.0 85.0 
1480.5222111464318 85.0 87.0 88.0 
1482.0172844274457 88.0 98.0 95.0 
1483.5084963678623 90.0 94.0 103.0 
1485.033366400639 78.0 96.0 96.0 
1486.56570284931 79.0 106.0 96.0 
1488.0109522515506 84.0 101.0 92.0 
1489.5023053756331 81.0 105.0 99.0 
1491.0048356460877 75.0 93.0 94.0 
1492.5128037095567 85.0 98.0 94.0 
1494.012711654835 86.0 103.0 101.0 
1495.590046966231 90.0 107.0 87.0 
1497.0345752306912 90.0 107.0 87.0 
1498.5035272709408 100.0 112.0 87.0 
1500.0402968963822 102.0 110.0 87.0 
#####################################################################
# End of data export. Simulation finished at: 2019-09-11T14:41+0000 #
#####################################################################
