#####################################################################
# Alchemist log file - simulation started at: 2019-09-11T14:26+0000 #
#####################################################################
# rsc = 0.0, rsm = 2.0
#
# The columns have the following meaning: 
# time X[Mean] Y[Mean] 
0.0 1.0 0.0 
1.500720846787681 1.0 33.0 
3.0000247308528296 39.0 1.0 
4.500062670458764 29.0 3.0 
6.000913058121757 1.0 37.0 
7.583546338608951 1.0 66.0 
9.000026129764382 38.0 3.0 
10.500346363299364 13.0 14.0 
12.076987650245211 1.0 26.0 
13.50024841462403 19.0 8.0 
15.000000747572333 14.0 39.0 
16.50013453055208 29.0 4.0 
18.000000442874185 26.0 5.0 
19.5000662249529 31.0 2.0 
21.000089464908847 27.0 1.0 
22.66080768500513 1.0 49.0 
24.00018788540359 23.0 5.0 
25.690432745877516 1.0 40.0 
27.188819553089058 1.0 68.0 
28.500057531240696 97.0 2.0 
30.0000781228775 48.0 0.0 
31.50011216183616 31.0 2.0 
33.00223730486196 7.0 18.0 
34.50352808946433 0.0 32.0 
36.06907512823913 1.0 74.0 
37.50000263636725 42.0 2.0 
39.000026027596945 24.0 1.0 
40.50934204831395 1.0 41.0 
42.00219157350045 1.0 66.0 
43.50003849781931 30.0 3.0 
45.00052104632838 9.0 13.0 
46.502786230030715 0.0 49.0 
48.00000744069499 26.0 1.0 
49.50013476613416 28.0 2.0 
51.000330816643306 1.0 34.0 
52.58041638017655 1.0 70.0 
54.00034620389414 35.0 2.0 
55.501272247297706 1.0 42.0 
57.00014059398435 32.0 3.0 
58.500039779444585 16.0 10.0 
60.000522188529786 14.0 11.0 
61.500086748366044 22.0 7.0 
63.05554481477294 1.0 31.0 
64.50006731525059 55.0 2.0 
66.00025645270719 23.0 5.0 
67.59331100787654 1.0 37.0 
69.01634214214951 1.0 62.0 
70.51469104099625 1.0 87.0 
72.00013331758021 74.0 1.0 
73.50019436637251 35.0 3.0 
75.00139705842486 1.0 51.0 
76.50013734425652 26.0 6.0 
78.00014925679882 21.0 7.0 
79.50062178361142 33.0 0.0 
81.00038737703126 20.0 8.0 
82.50005256633096 3.0 54.0 
84.00026064180967 67.0 2.0 
85.50018495397823 31.0 3.0 
87.00017685330918 31.0 2.0 
88.50330609873356 0.0 39.0 
90.00061710819926 21.0 6.0 
91.62194026032292 1.0 53.0 
93.00007207041102 64.0 2.0 
94.50020106639957 28.0 2.0 
96.00078986744073 26.0 6.0 
97.5000982360945 17.0 9.0 
99.02956286259628 1.0 41.0 
100.50033222129369 29.0 5.0 
102.00018037013928 37.0 2.0 
103.51848890510506 0.0 43.0 
105.0002588766816 56.0 2.0 
106.54435858361636 1.0 24.0 
108.00004969996296 1.0 60.0 
109.58696546032482 1.0 82.0 
111.00006367147 89.0 2.0 
112.50000651500153 41.0 2.0 
114.00036064861834 21.0 5.0 
115.50038596925559 19.0 5.0 
117.00087065987711 1.0 44.0 
118.50012813409053 52.0 0.0 
120.05335669598311 1.0 21.0 
121.50003888088484 31.0 3.0 
123.02408976158704 1.0 29.0 
124.56753476826555 1.0 30.0 
126.1154564175647 1.0 56.0 
127.58576159753228 1.0 85.0 
129.00005542433647 51.0 3.0 
130.50014931069097 19.0 9.0 
132.00010199097744 22.0 3.0 
133.566725958322 1.0 39.0 
135.0009792872943 1.0 65.0 
136.5000242651166 63.0 3.0 
138.0001980343667 34.0 2.0 
139.50407516254742 1.0 28.0 
141.01128903849127 0.0 54.0 
142.50810258077198 0.0 78.0 
144.03633846021643 1.0 107.0 
145.50002470014007 35.0 4.0 
147.00028035385014 23.0 2.0 
148.66562689863508 1.0 31.0 
150.0577099913746 1.0 58.0 
151.50938209344457 2.0 89.0 
153.00005944673308 40.0 7.0 
154.50700258513842 0.0 26.0 
156.0001435448297 45.0 4.0 
157.5000111334013 25.0 3.0 
159.00014115943452 28.0 5.0 
160.50061225296525 23.0 5.0 
162.03321629864158 1.0 43.0 
163.5185684717852 1.0 82.0 
165.0497638675818 1.0 109.0 
166.50000782684245 87.0 3.0 
168.00007149630565 33.0 5.0 
169.53295435387017 1.0 36.0 
171.0002962011711 52.0 1.0 
172.500118089508 26.0 9.0 
174.00104432230913 1.0 21.0 
175.67329110621716 1.0 52.0 
177.0002741509143 34.0 3.0 
178.500081032261 33.0 1.0 
180.00027465156754 13.0 11.0 
181.5000222640617 25.0 2.0 
183.00851685049366 1.0 50.0 
184.50044538166262 24.0 5.0 
186.00002432422525 31.0 6.0 
187.5090623801737 1.0 29.0 
189.0003430142979 38.0 2.0 
190.55904898534757 1.0 22.0 
192.0000364096681 58.0 1.0 
193.5003285091358 19.0 7.0 
195.00000952300184 19.0 7.0 
196.6510362338495 1.0 37.0 
198.00196459153875 1.0 61.0 
199.50001328385525 35.0 1.0 
201.0004507559863 23.0 5.0 
202.50157740499276 1.0 34.0 
204.0225781880379 0.0 62.0 
205.50004174457968 30.0 5.0 
207.00017703500865 23.0 5.0 
208.59355916082353 1.0 44.0 
210.0000583161725 60.0 3.0 
211.5002910710761 44.0 1.0 
213.00007206290772 26.0 1.0 
214.53484410917517 1.0 37.0 
216.00016628798497 20.0 5.0 
217.52085865188553 1.0 40.0 
219.00004066052034 6.0 62.0 
220.56451530744147 1.0 100.0 
222.00006803616208 57.0 2.0 
223.50004036463983 25.0 7.0 
225.06597184759858 1.0 33.0 
226.50000486067995 35.0 5.0 
228.00002879665146 19.0 8.0 
229.54441813902667 1.0 38.0 
231.0000265377901 50.0 2.0 
232.50005148643322 34.0 3.0 
234.0337509083975 1.0 34.0 
235.50003611002862 64.0 3.0 
237.00021457240476 26.0 4.0 
238.50050116189684 28.0 3.0 
240.01354085056613 0.0 25.0 
241.51179114156747 1.0 52.0 
243.00011908437503 28.0 3.0 
244.50031372704973 24.0 5.0 
246.0314550355869 1.0 37.0 
247.50018035814722 53.0 0.0 
249.00035942232014 13.0 13.0 
250.5000117682277 48.0 4.0 
252.00023012879717 22.0 6.0 
253.52476973700325 1.0 38.0 
255.02522156094682 1.0 73.0 
256.50016216225555 29.0 6.0 
258.000051773768 18.0 9.0 
259.50393721461484 1.0 31.0 
261.00007807103776 29.0 9.0 
262.5001328669638 36.0 2.0 
264.0001956838704 25.0 3.0 
265.5000198724592 22.0 8.0 
267.02923387063265 1.0 33.0 
268.636869710767 1.0 60.0 
270.00000692955155 63.0 4.0 
271.5000290689665 48.0 3.0 
273.0345975759622 1.0 22.0 
274.5201004803172 1.0 57.0 
276.0001100740464 33.0 4.0 
277.5062676787814 1.0 25.0 
279.0334582112994 1.0 56.0 
280.50000560201994 53.0 2.0 
282.0000188329216 34.0 5.0 
283.50010227477065 24.0 4.0 
285.00003790738947 23.0 6.0 
286.54826823695794 1.0 47.0 
288.0466171305852 1.0 78.0 
289.50000831846506 40.0 3.0 
291.0000793643834 24.0 7.0 
292.5001488088634 29.0 1.0 
294.08017022253244 1.0 28.0 
295.50003077032915 28.0 4.0 
297.00036976391186 24.0 3.0 
298.5094889380219 1.0 38.0 
300.04163305739695 1.0 67.0 
301.5000120159451 61.0 2.0 
303.00029960094736 33.0 4.0 
304.50023395114573 34.0 1.0 
306.0073398756838 0.0 31.0 
307.5212650434578 1.0 65.0 
309.0000020119494 47.0 4.0 
310.5001994875517 23.0 4.0 
312.0001213089391 27.0 5.0 
313.50015739269304 25.0 3.0 
315.0173420897245 1.0 22.0 
316.62938516057284 1.0 60.0 
318.00022878618256 36.0 2.0 
319.50003553821296 16.0 7.0 
321.00027409741654 26.0 7.0 
322.5002500189747 20.0 6.0 
324.000167625528 17.0 10.0 
325.52298077916305 1.0 51.0 
327.0845981109867 1.0 80.0 
328.511964690344 0.0 101.0 
330.0000004189258 75.0 4.0 
331.500866351658 33.0 2.0 
333.0000400499402 34.0 1.0 
334.50028538749274 28.0 4.0 
336.0000251442001 20.0 7.0 
337.5218087616607 1.0 36.0 
339.0730814977244 1.0 63.0 
340.5062313720684 0.0 86.0 
342.00014082028906 42.0 1.0 
343.5000229880253 26.0 4.0 
345.00018720333384 25.0 2.0 
346.5000420432173 28.0 4.0 
348.0001345927528 28.0 5.0 
349.6124514264257 1.0 21.0 
351.03800401596476 1.0 52.0 
352.5000175034567 32.0 6.0 
354.00041243191106 16.0 8.0 
355.5014707678129 1.0 42.0 
357.000018757386 30.0 5.0 
358.5107179952502 1.0 24.0 
360.00000381541037 47.0 5.0 
361.5003065128727 24.0 5.0 
363.0003224027663 14.0 8.0 
364.61279435766926 1.0 55.0 
366.0000135536701 28.0 7.0 
367.50037381794357 31.0 0.0 
369.00008668666493 11.0 10.0 
370.55811234317207 1.0 49.0 
372.0000076666303 69.0 1.0 
373.5003147332248 29.0 4.0 
375.00035603637383 28.0 1.0 
376.50000012781965 38.0 2.0 
378.16927130188145 1.0 24.0 
379.50273177134136 0.0 52.0 
381.0080694494474 1.0 79.0 
382.52203739963625 1.0 103.0 
384.00001165981854 86.0 2.0 
385.50005668445647 42.0 2.0 
387.0000613149828 28.0 7.0 
388.50006851421904 15.0 8.0 
390.0125505016022 1.0 45.0 
391.5000157552424 39.0 3.0 
393.00012575314844 28.0 1.0 
394.51634836207404 1.0 47.0 
396.00031638143906 32.0 2.0 
397.5389137298023 1.0 38.0 
399.0000244308494 49.0 3.0 
400.50038849320066 19.0 7.0 
402.02295719126795 1.0 41.0 
403.50010798822075 24.0 7.0 
405.0359895759176 1.0 32.0 
406.50033020670224 62.0 1.0 
408.0000426122242 26.0 5.0 
409.5217518066766 1.0 38.0 
411.00005371113355 30.0 4.0 
412.5008971617717 22.0 6.0 
414.00015924057743 28.0 3.0 
415.5284527937988 1.0 26.0 
417.0006130391312 21.0 9.0 
418.5001176664288 29.0 1.0 
420.29911509959817 1.0 41.0 
421.50010129279997 46.0 2.0 
423.0002130336016 29.0 6.0 
424.50007213496 14.0 11.0 
426.11215751100895 1.0 44.0 
427.50006005147077 38.0 6.0 
429.00025452361996 24.0 3.0 
430.5824928169497 1.0 40.0 
432.02225870736316 1.0 62.0 
433.5001265977434 42.0 1.0 
435.0277228822048 1.0 26.0 
436.5282910433445 1.0 58.0 
438.0000642869782 40.0 4.0 
439.5003460077674 20.0 5.0 
441.019774219795 1.0 51.0 
442.500025611363 28.0 4.0 
444.0371502152979 1.0 35.0 
445.50040682319286 27.0 3.0 
447.0001180396405 32.0 3.0 
448.5000242342824 28.0 4.0 
450.0001101389033 22.0 5.0 
451.50005069686324 15.0 8.0 
453.00882619729236 0.0 34.0 
454.5175237157012 1.0 57.0 
456.00003679468887 36.0 3.0 
457.5004934847323 30.0 3.0 
459.00073559481996 12.0 11.0 
460.56916928284323 1.0 52.0 
462.0001601470478 47.0 2.0 
463.5001749829463 14.0 15.0 
465.028779534171 1.0 41.0 
466.5000291795582 45.0 3.0 
468.0007653404375 21.0 3.0 
469.5138907501013 0.0 42.0 
471.00005949956574 24.0 2.0 
472.50004679084293 26.0 6.0 
474.000390737082 26.0 3.0 
475.5002068437245 25.0 6.0 
477.000051071558 27.0 3.0 
478.50000108583976 28.0 2.0 
480.015750579927 0.0 25.0 
481.50034972677696 23.0 6.0 
483.0002960145808 21.0 3.0 
484.50009689982204 40.0 1.0 
486.00007148997906 27.0 0.0 
487.5158580789025 1.0 45.0 
489.00000901065533 27.0 4.0 
490.5536448598605 1.0 36.0 
492.0375611052599 1.0 57.0 
493.5000284224358 36.0 5.0 
495.00021796502335 27.0 1.0 
496.74233089225953 1.0 49.0 
498.0000702281937 35.0 1.0 
499.5000530581439 27.0 6.0 
501.00025418846076 23.0 8.0 
502.50013240240077 22.0 4.0 
504.0690525411969 1.0 37.0 
505.5000564018623 32.0 3.0 
507.0002186593554 23.0 5.0 
508.50086305950396 0.0 35.0 
510.0024733405798 0.0 69.0 
511.5001134189075 32.0 6.0 
513.000143473614 23.0 6.0 
514.5001603829128 21.0 7.0 
516.0006382318096 1.0 38.0 
517.5207666121142 1.0 67.0 
519.000005198566 34.0 4.0 
520.5890662768225 1.0 35.0 
522.0436912479364 1.0 73.0 
523.5001088855413 40.0 2.0 
525.0005297454788 30.0 0.0 
526.500026005423 26.0 4.0 
528.0001286857696 19.0 5.0 
529.5171390625195 1.0 47.0 
531.0001116213639 41.0 1.0 
532.500185836491 24.0 10.0 
534.0000942338835 28.0 1.0 
535.5117678788545 1.0 39.0 
537.1307461909681 1.0 76.0 
538.5000856504508 37.0 6.0 
540.0001618098162 30.0 3.0 
541.5000858936669 31.0 3.0 
543.0000596142575 25.0 6.0 
544.5001652416087 20.0 8.0 
546.0000332584233 42.0 6.0 
547.5748661685158 1.0 27.0 
549.0000859978026 42.0 3.0 
550.5002273286987 22.0 4.0 
552.0003136669998 21.0 6.0 
553.6344645982737 1.0 37.0 
555.0000604089361 21.0 9.0 
556.549848875465 1.0 42.0 
558.0002139497186 31.0 2.0 
559.5534377704439 1.0 31.0 
561.0000234082687 32.0 5.0 
562.5000689879437 31.0 2.0 
564.0087140391155 2.0 37.0 
565.5000544490412 23.0 6.0 
567.0173442645948 1.0 39.0 
568.5000128356558 39.0 5.0 
570.0000932045511 38.0 2.0 
571.5000551679997 23.0 6.0 
573.0343254820598 1.0 41.0 
574.5000741262962 41.0 3.0 
576.0001540604276 27.0 4.0 
577.5000714677784 22.0 9.0 
579.0005536075258 24.0 7.0 
580.5100273049419 0.0 27.0 
582.0005030733694 31.0 3.0 
583.5000906952421 17.0 11.0 
585.0000729416626 34.0 3.0 
586.5004691922039 26.0 3.0 
588.011056616322 0.0 28.0 
589.5069877834082 0.0 55.0 
591.0000065792701 57.0 3.0 
592.5003504033808 34.0 1.0 
594.0157445528371 1.0 30.0 
595.5002877736584 22.0 7.0 
597.0005229802123 22.0 3.0 
598.5002305427857 0.0 48.0 
600.0001979740409 39.0 6.0 
601.5000082423271 24.0 4.0 
603.0489434164634 1.0 45.0 
604.5653285852392 1.0 74.0 
606.0002720149004 42.0 2.0 
607.5006180248321 18.0 9.0 
609.0040608793163 0.0 37.0 
610.5001596351976 19.0 8.0 
612.0002156602005 16.0 7.0 
613.5105987696777 1.0 50.0 
615.0000179743452 39.0 2.0 
616.5000693319598 22.0 7.0 
618.0012835464881 0.0 41.0 
619.5100077273926 1.0 74.0 
621.0001191469754 54.0 2.0 
622.5000667499324 30.0 2.0 
624.0004840844108 3.0 35.0 
625.5000584730881 20.0 5.0 
627.0274974869411 1.0 49.0 
628.5497804501814 1.0 74.0 
630.0091810868654 0.0 94.0 
631.5004140957541 47.0 1.0 
633.0002074396696 35.0 5.0 
634.5071354799627 1.0 34.0 
636.0525514797388 1.0 54.0 
637.5000547575004 38.0 3.0 
639.0002270781325 21.0 5.0 
640.5020734337647 1.0 40.0 
642.0001675433994 30.0 3.0 
643.5001278622394 28.0 4.0 
645.0002093253374 24.0 4.0 
646.5005420384113 8.0 16.0 
648.0001295084332 41.0 3.0 
649.5000379484435 24.0 8.0 
651.0000294476056 27.0 5.0 
652.5000717907354 15.0 10.0 
654.0000179164822 35.0 5.0 
655.5001986704234 34.0 2.0 
657.0001205863425 20.0 8.0 
658.5517742882328 1.0 36.0 
660.0000036660945 61.0 3.0 
661.5002214127007 33.0 6.0 
663.0000126853804 25.0 5.0 
664.5001295766191 24.0 3.0 
666.0869579299866 1.0 31.0 
667.5735516694342 1.0 54.0 
669.0000258471712 31.0 6.0 
670.5007155978992 23.0 2.0 
672.0002789823374 28.0 1.0 
673.5165082652277 1.0 37.0 
675.0878126481191 1.0 69.0 
676.5001453429612 48.0 2.0 
678.0004358531502 33.0 2.0 
679.5003136766021 24.0 4.0 
681.0001131534584 21.0 5.0 
682.5534296903453 1.0 37.0 
684.0199124559667 1.0 61.0 
685.5000489492052 89.0 1.0 
687.0002693719957 35.0 4.0 
688.5000258677126 24.0 5.0 
690.000009677624 14.0 10.0 
691.5029781699641 2.0 40.0 
693.0001939381832 58.0 1.0 
694.5001116582782 25.0 2.0 
696.0171065962462 1.0 49.0 
697.5001473032229 24.0 6.0 
699.0065754710115 1.0 44.0 
700.5000472312674 46.0 3.0 
702.0000381236811 24.0 4.0 
703.5274700371415 1.0 42.0 
705.000395524442 29.0 3.0 
706.5041630198866 0.0 49.0 
708.1297717454781 1.0 79.0 
709.5007071504737 1.0 102.0 
711.0000763721551 38.0 2.0 
712.5000300656448 26.0 4.0 
714.000025170749 19.0 7.0 
715.5554402186998 1.0 41.0 
717.0000161828443 59.0 0.0 
718.500105342637 20.0 8.0 
720.0006595148732 22.0 9.0 
721.5181921493315 0.0 42.0 
723.0001618141006 43.0 2.0 
724.5000427896055 23.0 6.0 
726.0036710349917 1.0 29.0 
727.5745477496843 1.0 66.0 
729.0000916493678 35.0 4.0 
730.5492180256507 1.0 25.0 
732.0001275651404 53.0 0.0 
733.5001798661011 18.0 11.0 
735.0004012550243 15.0 9.0 
736.6034761269383 1.0 36.0 
738.0014593034664 0.0 64.0 
739.5000558102638 43.0 2.0 
741.0000990368657 29.0 2.0 
742.5915852284248 1.0 27.0 
744.0256053102856 1.0 68.0 
745.5110970908928 1.0 90.0 
747.0418404295928 1.0 110.0 
748.500072716761 39.0 2.0 
750.0003896349681 27.0 4.0 
751.5001140673545 21.0 7.0 
753.0534074178378 1.0 34.0 
754.5273011170176 1.0 57.0 
756.0001027502014 28.0 3.0 
757.5594947304761 1.0 32.0 
759.0000153816914 42.0 3.0 
760.547739642207 1.0 28.0 
762.0001058821738 24.0 10.0 
763.5001637871354 28.0 1.0 
765.0004144446415 25.0 3.0 
766.5013064434995 0.0 28.0 
768.0145334440045 1.0 58.0 
769.5000077994534 44.0 4.0 
771.0000892892941 22.0 4.0 
772.5039322595916 1.0 32.0 
774.011915773421 1.0 58.0 
775.5000448145896 40.0 1.0 
777.000483305541 23.0 5.0 
778.5166252514477 1.0 42.0 
780.0312117835664 1.0 69.0 
781.5000366652207 58.0 2.0 
783.0000010577746 37.0 2.0 
784.5554683282967 1.0 31.0 
786.0000465913606 25.0 7.0 
787.5001756182446 30.0 0.0 
789.0000214340138 43.0 4.0 
790.5002330654302 12.0 11.0 
792.0561791965938 1.0 43.0 
793.5344529332698 1.0 71.0 
795.0000386349745 64.0 1.0 
796.5000852284435 34.0 2.0 
798.0026681326893 1.0 27.0 
799.684754790907 1.0 54.0 
801.0078981752282 1.0 78.0 
802.5584054941668 1.0 102.0 
804.0000311371515 37.0 4.0 
805.5003793607438 23.0 4.0 
807.053937286617 1.0 40.0 
808.5958133515791 1.0 62.0 
810.1182554428744 1.0 88.0 
811.545295069514 1.0 109.0 
813.0000313548104 88.0 1.0 
814.500149499714 32.0 2.0 
816.0026774168181 0.0 29.0 
817.5013251562631 0.0 43.0 
819.0001025093876 50.0 1.0 
820.5000467066036 33.0 2.0 
822.0001829123354 32.0 4.0 
823.5085483979893 1.0 37.0 
825.0017839545955 1.0 71.0 
826.5001896853391 76.0 2.0 
828.0001366444731 23.0 7.0 
829.5003739719575 23.0 6.0 
831.0003484122005 29.0 5.0 
832.5000612812003 31.0 1.0 
834.0345239718603 1.0 51.0 
835.5112376868748 1.0 72.0 
837.0001039876522 52.0 2.0 
838.500066356191 30.0 3.0 
840.0001324592012 34.0 2.0 
841.5001193005164 20.0 9.0 
843.019851809286 1.0 53.0 
844.5000032818508 26.0 4.0 
846.016179636228 1.0 34.0 
847.5000526355593 38.0 1.0 
849.0000968326256 22.0 7.0 
850.7672997777378 1.0 32.0 
852.0084626647043 1.0 55.0 
853.5000078401083 64.0 0.0 
855.0004570190864 21.0 7.0 
856.5037511236839 1.0 24.0 
858.000121056588 43.0 1.0 
859.5002934883945 21.0 6.0 
861.0254663239245 1.0 41.0 
862.5000286159968 27.0 6.0 
864.0001477614048 25.0 5.0 
865.5047244772578 2.0 50.0 
867.0001164750201 26.0 4.0 
868.5003035714064 17.0 9.0 
870.0004569514238 29.0 1.0 
871.5219922248907 1.0 39.0 
873.0483588821367 1.0 69.0 
874.5001236812604 62.0 3.0 
876.0002838135271 28.0 4.0 
877.5001139749031 21.0 4.0 
879.0001036945721 51.0 1.0 
880.5002722575399 21.0 3.0 
882.0722295154301 1.0 34.0 
883.5001533990139 35.0 3.0 
885.0004636142338 15.0 9.0 
886.5466533554916 1.0 29.0 
888.0000591444855 55.0 3.0 
889.5000487736785 27.0 3.0 
891.0004528183905 31.0 3.0 
892.5008412267916 2.0 49.0 
894.0000369214868 33.0 3.0 
895.5002008004155 22.0 4.0 
897.0001224528427 21.0 5.0 
898.5256129785035 1.0 23.0 
900.0589899654462 1.0 52.0 
901.5499018493286 1.0 76.0 
903.0002447455171 33.0 0.0 
904.5001150330235 24.0 4.0 
906.0013187870868 1.0 56.0 
907.6104387625688 1.0 77.0 
909.0000243957033 35.0 4.0 
910.5002147617316 25.0 5.0 
912.0003941016282 21.0 5.0 
913.500054744117 5.0 15.0 
915.0000711101255 23.0 7.0 
916.5006324241673 22.0 4.0 
918.0001875098502 31.0 4.0 
919.506352606337 0.0 35.0 
921.000054323948 60.0 2.0 
922.5172072615987 1.0 36.0 
924.000271634138 29.0 3.0 
925.5002055321681 24.0 2.0 
927.0007529179477 22.0 6.0 
928.5000755721235 21.0 9.0 
930.0002121067639 21.0 5.0 
931.5112678200553 1.0 58.0 
933.0564490655236 1.0 80.0 
934.5000085429302 64.0 2.0 
936.017234277554 0.0 32.0 
937.5000134896917 55.0 0.0 
939.0001959923567 33.0 3.0 
940.5732948169615 1.0 41.0 
942.0001523768873 34.0 3.0 
943.5054539540173 1.0 40.0 
945.0001134727295 31.0 4.0 
946.5000421890584 16.0 9.0 
948.0000307231592 13.0 12.0 
949.56409927034 1.0 47.0 
951.0044626122899 1.0 67.0 
952.5001952014173 43.0 5.0 
954.0001801075517 21.0 6.0 
955.5305808553851 1.0 49.0 
957.0001645575225 36.0 7.0 
958.5000579421337 32.0 3.0 
960.0000748766676 21.0 6.0 
961.5181179035299 1.0 38.0 
963.088879327296 1.0 61.0 
964.5000224207986 48.0 2.0 
966.0000139666334 27.0 6.0 
967.5000127179334 21.0 2.0 
969.0068826402511 0.0 37.0 
970.5000872933781 29.0 3.0 
972.0004598595564 18.0 8.0 
973.5019896285514 0.0 43.0 
975.0001256172571 36.0 1.0 
976.5000995269319 17.0 8.0 
978.0006692330613 13.0 9.0 
979.5001314302813 34.0 6.0 
981.0001360641219 15.0 13.0 
982.5295312776159 1.0 44.0 
984.0187148335872 1.0 70.0 
985.5173148684652 0.0 101.0 
987.000054720592 102.0 4.0 
988.5000388570364 48.0 2.0 
990.0001420628508 31.0 2.0 
991.5438031994818 1.0 47.0 
993.0000162940116 38.0 5.0 
994.5000170057638 23.0 6.0 
996.0000891628943 25.0 5.0 
997.5001070406737 19.0 5.0 
999.0091789459788 1.0 47.0 
1000.5003808065551 50.0 2.0 
1002.0007177415513 26.0 3.0 
1003.500022970416 27.0 2.0 
1005.0003188365255 1.0 41.0 
1006.604281730078 1.0 69.0 
1008.0000381395074 56.0 2.0 
1009.5001076604716 26.0 7.0 
1011.0004128972178 25.0 5.0 
1012.5002175033567 23.0 5.0 
1014.0000437381763 24.0 4.0 
1015.5000446527446 27.0 5.0 
1017.0004816363268 25.0 2.0 
1018.5002197728169 26.0 3.0 
1020.0000918335272 26.0 6.0 
1021.5001064998183 28.0 4.0 
1023.0001581579769 32.0 2.0 
1024.5001010466458 25.0 5.0 
1026.0001968617107 31.0 1.0 
1027.528237726457 1.0 35.0 
1029.0179732336373 1.0 60.0 
1030.500149252897 34.0 3.0 
1032.0006485409565 22.0 5.0 
1033.5925725689517 1.0 32.0 
1035.0000827831723 48.0 1.0 
1036.5001456241127 25.0 3.0 
1038.0167140763717 1.0 24.0 
1039.5432550455632 1.0 62.0 
1041.0000163433406 33.0 0.0 
1042.5749046139879 1.0 32.0 
1044.00015888584 51.0 3.0 
1045.5002968530466 22.0 5.0 
1047.0008199210984 20.0 5.0 
1048.541697511139 1.0 43.0 
1050.0000043592725 64.0 3.0 
1051.5000384596167 31.0 1.0 
1053.0294748968233 0.0 40.0 
1054.5000537416022 45.0 3.0 
1056.0000767469437 19.0 3.0 
1057.5002732649675 35.0 2.0 
1059.011803677006 1.0 31.0 
1060.598195958374 1.0 54.0 
1062.0000878166388 28.0 7.0 
1063.5003517403284 26.0 3.0 
1065.003293047265 1.0 38.0 
1066.5000056599986 72.0 0.0 
1068.000393751785 24.0 3.0 
1069.542149562083 1.0 50.0 
1071.000151937279 38.0 1.0 
1072.5001290210548 22.0 6.0 
1074.0000552163349 33.0 2.0 
1075.5012871773401 18.0 9.0 
1077.0089707216048 1.0 42.0 
1078.50013235869 27.0 3.0 
1080.0000467591726 28.0 4.0 
1081.5035113311333 0.0 33.0 
1083.0353143845562 1.0 63.0 
1084.6049318768776 1.0 86.0 
1086.013204688128 1.0 110.0 
1087.5001679303161 53.0 1.0 
1089.0000073844303 31.0 3.0 
1090.5003280041028 27.0 3.0 
1092.0142722597918 1.0 40.0 
1093.500002307334 65.0 2.0 
1095.0001336312082 25.0 1.0 
1096.5357367705553 1.0 27.0 
1098.0185423180055 1.0 48.0 
1099.574437960609 1.0 78.0 
1101.0000115429657 97.0 1.0 
1102.5000544946843 23.0 4.0 
1104.0247863365887 1.0 48.0 
1105.6339292576044 1.0 72.0 
1107.0000891951127 44.0 3.0 
1108.50009351972 21.0 6.0 
1110.032544794735 1.0 47.0 
1111.500278760376 50.0 3.0 
1113.000293412434 40.0 2.0 
1114.5000395722525 22.0 7.0 
1116.0495117962046 1.0 41.0 
1117.5002108365347 31.0 3.0 
1119.0001169780764 19.0 9.0 
1120.644483357506 1.0 55.0 
1122.0042437170048 2.0 75.0 
1123.5000810706185 34.0 5.0 
1125.0123235764133 1.0 24.0 
1126.6751357107025 1.0 53.0 
1128.086172913035 1.0 85.0 
1129.5000068762538 57.0 1.0 
1131.0134927194895 0.0 29.0 
1132.5209110331473 0.0 52.0 
1134.039438575288 1.0 82.0 
1135.5290424233283 1.0 102.0 
1137.000177889671 65.0 2.0 
1138.5000154772174 20.0 3.0 
1140.0000146704024 23.0 7.0 
1141.5208515960076 1.0 27.0 
1143.0003515470491 30.0 2.0 
1144.5001327775858 25.0 6.0 
1146.0748094795492 1.0 32.0 
1147.5283672812411 1.0 58.0 
1149.0095302081465 0.0 77.0 
1150.5000849834073 31.0 6.0 
1152.000379065991 16.0 9.0 
1153.500011256813 28.0 0.0 
1155.052733009424 1.0 43.0 
1156.520260023767 1.0 71.0 
1158.0001264498928 48.0 0.0 
1159.5007720905692 8.0 18.0 
1161.0866603937675 1.0 31.0 
1162.5100542959296 1.0 59.0 
1164.0003385565572 69.0 0.0 
1165.5005551803013 35.0 1.0 
1167.0000253883727 30.0 5.0 
1168.5173057182014 1.0 26.0 
1170.0001600018402 43.0 2.0 
1171.5000658416939 19.0 7.0 
1173.000023480664 0.0 36.0 
1174.5008056083018 61.0 1.0 
1176.0001509687554 30.0 4.0 
1177.505018018355 0.0 31.0 
1179.0000800446624 37.0 6.0 
1180.5138690825952 1.0 36.0 
1182.0002210134248 32.0 1.0 
1183.5001159090075 19.0 7.0 
1185.0001282994601 28.0 3.0 
1186.500594047048 22.0 4.0 
1188.0420089677496 1.0 24.0 
1189.5205217945022 1.0 61.0 
1191.0000005591578 25.0 4.0 
1192.5001282625356 28.0 6.0 
1194.00008307109 27.0 2.0 
1195.5000876846564 29.0 5.0 
1197.0002083670213 32.0 2.0 
1198.5000419728453 28.0 5.0 
1200.024159875186 1.0 33.0 
1201.5000243919474 54.0 5.0 
1203.000092146915 35.0 5.0 
1204.500115884284 26.0 2.0 
1206.0000194672677 33.0 4.0 
1207.500074539459 23.0 6.0 
1209.000018535535 20.0 11.0 
1210.5029115983134 1.0 34.0 
1212.013969131227 2.0 61.0 
1213.500050293621 80.0 3.0 
1215.0000573487184 38.0 3.0 
1216.5002072466361 7.0 18.0 
1218.1203853825896 1.0 41.0 
1219.5216273558456 1.0 63.0 
1221.0001689753453 29.0 5.0 
1222.500064986953 28.0 1.0 
1224.0000323759366 20.0 9.0 
1225.5001202711887 20.0 9.0 
1227.0651454849187 1.0 29.0 
1228.5967022858138 1.0 65.0 
1230.0001835656217 52.0 1.0 
1231.5472209493382 1.0 33.0 
1233.227855020156 1.0 59.0 
1234.5000971012257 61.0 1.0 
1236.0001815728338 34.0 3.0 
1237.500132273713 22.0 7.0 
1239.000731030895 22.0 3.0 
1240.5473564570018 1.0 39.0 
1242.0006308827963 24.0 5.0 
1243.500011432212 27.0 5.0 
1245.0001857162265 31.0 1.0 
1246.554626437892 1.0 30.0 
1248.015005190328 1.0 57.0 
1249.5001939939211 37.0 1.0 
1251.0984206611079 1.0 29.0 
1252.500180454335 56.0 2.0 
1254.0000364132643 24.0 8.0 
1255.5007239949102 1.0 44.0 
1257.0503426656305 1.0 76.0 
1258.500067691593 33.0 3.0 
1260.0000978174135 28.0 3.0 
1261.5245134306617 1.0 29.0 
1263.0113615599828 1.0 60.0 
1264.5000886000064 31.0 3.0 
1266.000074680911 22.0 4.0 
1267.6623837698507 1.0 48.0 
1269.0000261369432 45.0 2.0 
1270.5005901460727 30.0 3.0 
1272.0002402069376 28.0 2.0 
1273.5000448062556 31.0 2.0 
1275.0043712438717 0.0 23.0 
1276.5108216702647 1.0 43.0 
1278.0000033768708 50.0 3.0 
1279.500033038075 26.0 6.0 
1281.0000042916986 21.0 7.0 
1282.500060550357 30.0 4.0 
1284.0005965640892 16.0 6.0 
1285.5166817350184 1.0 53.0 
1287.000080116686 56.0 3.0 
1288.500192174088 36.0 1.0 
1290.0001526127846 27.0 1.0 
1291.514027639839 1.0 28.0 
1293.1051221137425 1.0 59.0 
1294.50005735801 18.0 80.0 
1296.000055305427 38.0 3.0 
1297.5000898131589 31.0 4.0 
1299.0002711409313 24.0 6.0 
1300.5034249171524 0.0 34.0 
1302.0003684077014 32.0 1.0 
1303.5001338049328 24.0 6.0 
1305.0227764660945 1.0 31.0 
1306.5428911460074 1.0 58.0 
1308.0003537119685 36.0 3.0 
1309.5000847148538 10.0 12.0 
1311.006648722762 1.0 59.0 
1312.500105630861 43.0 0.0 
1314.078692037288 1.0 23.0 
1315.5002101210687 38.0 3.0 
1317.0003689744037 32.0 2.0 
1318.500498899906 22.0 7.0 
1320.0001322339533 18.0 7.0 
1321.500068187317 26.0 5.0 
1323.037930469272 1.0 33.0 
1324.5420686549724 1.0 69.0 
1326.0000730671943 37.0 4.0 
1327.5003347149514 19.0 7.0 
1329.0125276866195 1.0 33.0 
1330.50020344364 32.0 2.0 
1332.0001041427233 23.0 8.0 
1333.5004250164875 14.0 13.0 
1335.007943251291 1.0 25.0 
1336.5301046624154 1.0 60.0 
1338.0001339910532 48.0 3.0 
1339.5004332528547 9.0 14.0 
1341.0005778924844 28.0 4.0 
1342.505990848708 0.0 32.0 
1344.0000092063747 58.0 3.0 
1345.500172431777 22.0 5.0 
1347.0001310964342 31.0 7.0 
1348.5000430358148 21.0 10.0 
1350.0005017752385 23.0 2.0 
1351.5207206407829 0.0 32.0 
1353.0152991782663 1.0 58.0 
1354.5913015338429 1.0 91.0 
1356.0004123272477 47.0 1.0 
1357.5000635297229 28.0 4.0 
1359.2041932395268 1.0 26.0 
1360.5318677328944 1.0 54.0 
1362.0000579130297 44.0 3.0 
1363.5004872524687 21.0 6.0 
1365.0000152330006 29.0 4.0 
1366.5119357933606 1.0 27.0 
1368.0000980206119 38.0 1.0 
1369.5216900019068 1.0 35.0 
1371.0245858318287 1.0 30.0 
1372.5004438838846 29.0 2.0 
1374.0000788413392 23.0 6.0 
1375.5001364950303 21.0 4.0 
1377.0357475582205 1.0 57.0 
1378.5000015836604 59.0 2.0 
1380.0002709654432 30.0 4.0 
1381.5046442189052 1.0 33.0 
1383.1213038750443 1.0 62.0 
1384.500148337409 60.0 1.0 
1386.0001786298717 24.0 4.0 
1387.5145437799456 1.0 20.0 
1389.0000126369027 32.0 2.0 
1390.5173672856265 1.0 35.0 
1392.0016526316758 1.0 65.0 
1393.5002950428734 28.0 4.0 
1395.0406352238972 1.0 35.0 
1396.5000092603866 61.0 3.0 
1398.0001302942617 25.0 4.0 
1399.5001631138157 27.0 3.0 
1401.0000806235487 24.0 5.0 
1402.5728190763423 1.0 25.0 
1404.0463813027316 1.0 56.0 
1405.5000477439114 37.0 2.0 
1407.000426881421 24.0 4.0 
1408.5076071491067 1.0 57.0 
1410.0000099337974 31.0 4.0 
1411.5496033542995 1.0 33.0 
1413.0001551526225 15.0 10.0 
1414.500862325029 14.0 13.0 
1416.0008220072204 22.0 8.0 
1417.500302376694 22.0 6.0 
1419.0251717990268 1.0 39.0 
1420.5272881980363 1.0 60.0 
1422.1837680205344 1.0 93.0 
1423.5001243752988 34.0 3.0 
1425.000152914914 32.0 2.0 
1426.5000036280292 26.0 8.0 
1428.0101113846895 0.0 46.0 
1429.588530307297 1.0 74.0 
1431.0000794154555 37.0 4.0 
1432.5000773538568 31.0 0.0 
1434.0002912417715 31.0 1.0 
1435.5725967364665 1.0 22.0 
1437.0002219214327 29.0 4.0 
1438.5004366438675 15.0 11.0 
1440.0297493628925 1.0 41.0 
1441.5001303625197 34.0 3.0 
1443.0005471262766 26.0 4.0 
1444.5014829084985 0.0 31.0 
1446.00088202916 37.0 2.0 
1447.5004134214628 13.0 13.0 
1449.000742985606 24.0 5.0 
1450.5001813369547 29.0 3.0 
1452.0000074798654 29.0 3.0 
1453.5003728296472 16.0 10.0 
1455.0147171249741 1.0 42.0 
1456.5094671941886 1.0 68.0 
1458.0006713829066 38.0 1.0 
1459.5003934887363 25.0 2.0 
1461.007480467016 1.0 30.0 
1462.501086861371 1.0 64.0 
1464.011675691228 1.0 88.0 
1465.5001190123016 54.0 3.0 
1467.0002897457612 39.0 4.0 
1468.5003781574542 33.0 3.0 
1470.0000176096548 22.0 8.0 
1471.5003404562217 24.0 1.0 
1473.0028235876937 2.0 28.0 
1474.5000018376493 30.0 4.0 
1476.0002496625414 23.0 7.0 
1477.5940348575352 1.0 21.0 
1479.158591470131 1.0 42.0 
1480.500085386412 63.0 2.0 
1482.0000106299397 30.0 5.0 
1483.5002861868622 29.0 3.0 
1485.0000494051549 35.0 0.0 
1486.5450629755717 1.0 25.0 
1488.0559957612813 1.0 56.0 
1489.5104815854431 0.0 86.0 
1491.0393145127214 1.0 123.0 
1492.5003678810513 46.0 1.0 
1494.0001179988083 33.0 1.0 
1495.5002154143808 19.0 6.0 
1497.0126544636198 0.0 46.0 
1498.5119312346526 1.0 74.0 
1500.1093794411013 1.0 109.0 
#####################################################################
# End of data export. Simulation finished at: 2019-09-11T14:26+0000 #
#####################################################################
