#####################################################################
# Alchemist log file - simulation started at: 2019-09-11T14:43+0000 #
#####################################################################
# 
#
# The columns have the following meaning: 
# time X[Mean] Y[Mean] 
0.0 1.0 0.0 
0.07377355878552413 1.0 2.0 
0.15481514902858326 1.0 3.0 
0.27732495784902805 1.0 3.0 
0.3616819371025686 1.0 4.0 
0.48982278601460383 1.0 5.0 
0.505200464582613 0.0 6.0 
0.6609659136978153 1.0 6.0 
0.7062575276435614 1.0 8.0 
0.8594524435818747 1.0 9.0 
0.9271888781982252 1.0 12.0 
0.9783762176527038 1.0 13.0 
1.0476774241029627 1.0 15.0 
1.0579631797363813 1.0 16.0 
1.1083581631774087 1.0 19.0 
1.1519287691912836 1.0 20.0 
1.2412351487305082 1.0 23.0 
1.2513078240542403 0.0 24.0 
1.3005041530554984 0.0 26.0 
1.378357053533574 1.0 27.0 
1.4439450045209892 1.0 28.0 
1.4636063143753335 0.0 29.0 
1.5151646179145772 1.0 30.0 
1.5545421680644178 0.0 33.0 
1.7736468025940701 1.0 33.0 
1.843581095568362 1.0 35.0 
1.91708908902495 1.0 36.0 
2.0458549079365747 1.0 37.0 
2.0504203752448227 0.0 38.0 
2.1253653521576186 1.0 38.0 
2.179576717325856 1.0 40.0 
2.34251086003496 1.0 41.0 
2.52875595168251 1.0 42.0 
2.6876546554513503 1.0 43.0 
2.726967305395121 1.0 44.0 
2.766246161220625 1.0 45.0 
2.823027185098139 1.0 46.0 
3.009003051934958 1.0 47.0 
3.1611090257941648 1.0 48.0 
3.2000968310182647 49.0 2.0 
3.2500800462476898 44.0 2.0 
3.300208893669981 43.0 2.0 
3.3500335156509666 39.0 5.0 
3.4001322219446286 40.0 3.0 
3.450083180980406 37.0 5.0 
3.5001362374818337 38.0 5.0 
3.5501607246289706 43.0 1.0 
3.6001450418942142 40.0 5.0 
3.6501220127558063 45.0 2.0 
3.7000382288780234 38.0 7.0 
3.750050662579001 39.0 3.0 
3.8001612863950296 40.0 2.0 
3.8501507392473995 39.0 0.0 
3.900076706411006 35.0 5.0 
3.950200767657949 39.0 1.0 
4.000331506197639 36.0 1.0 
4.050194626159087 28.0 8.0 
4.100225299950535 27.0 6.0 
4.150104251912246 30.0 4.0 
4.200189535767848 29.0 3.0 
4.2500513109806715 25.0 7.0 
4.3000850334245255 24.0 8.0 
4.350081106473539 29.0 3.0 
4.400415365259678 27.0 5.0 
4.450203149803015 17.0 12.0 
4.5001175557891235 24.0 6.0 
4.550231002701406 29.0 1.0 
4.600109417681274 28.0 2.0 
4.650049582936717 29.0 2.0 
4.700392878867291 21.0 10.0 
4.750245788356018 27.0 2.0 
4.8005464277284124 20.0 7.0 
4.851225658359141 10.0 16.0 
4.90004867323464 19.0 6.0 
4.950146985325212 18.0 7.0 
5.000240007049691 17.0 7.0 
5.050661483685639 7.0 15.0 
5.1071502189974725 0.0 23.0 
5.248652046836542 1.0 23.0 
5.251533329527402 0.0 24.0 
5.309727093592875 0.0 26.0 
5.372466527571751 1.0 26.0 
5.428024601502914 1.0 27.0 
5.450619129593917 2.0 29.0 
5.5180073170105315 1.0 32.0 
5.552099516712553 1.0 33.0 
5.602437473352432 0.0 35.0 
5.690967800919804 1.0 35.0 
5.70624691674293 1.0 36.0 
5.7609254471339515 1.0 37.0 
5.9204639158364 1.0 39.0 
5.965590879387887 1.0 41.0 
6.017977200705978 1.0 42.0 
6.085962196889992 1.0 44.0 
6.110055786040811 1.0 45.0 
6.150392006267252 0.0 48.0 
6.248894766263496 1.0 48.0 
6.260704773784427 0.0 49.0 
6.317328206036166 1.0 49.0 
6.3550885498915655 0.0 50.0 
6.4860353425650885 1.0 50.0 
6.514729706084998 1.0 51.0 
6.620065976378423 1.0 52.0 
6.675729252586381 1.0 54.0 
6.750711817902133 1.0 56.0 
6.808427375562935 1.0 58.0 
6.857581437963774 1.0 60.0 
6.92808788392959 1.0 61.0 
6.963409846400923 1.0 62.0 
7.062399765040701 1.0 63.0 
7.325167164063421 1.0 65.0 
7.369509420440856 0.0 66.0 
7.4864342454038235 1.0 66.0 
7.585172649552916 1.0 67.0 
7.615175729768375 1.0 69.0 
7.659140436419903 0.0 70.0 
7.7706268067227 1.0 71.0 
7.820042615016404 1.0 72.0 
7.899350639921621 1.0 73.0 
7.901993557448967 2.0 73.0 
7.950133292134172 77.0 1.0 
8.000043701524298 73.0 3.0 
8.050046163353727 68.0 3.0 
8.100019624726045 61.0 4.0 
8.150013321887197 62.0 3.0 
8.20009937169046 59.0 3.0 
8.250011619067013 60.0 0.0 
8.300021576591831 59.0 1.0 
8.350038955561354 56.0 3.0 
8.400077307867296 56.0 2.0 
8.450038121351415 51.0 2.0 
8.500031722402946 47.0 1.0 
8.550124210140668 47.0 1.0 
8.600079043234697 43.0 5.0 
8.650155255596426 44.0 4.0 
8.700029471908438 43.0 6.0 
8.750067177002412 49.0 1.0 
8.800318969297896 44.0 4.0 
8.850049244721253 49.0 3.0 
8.900293049683436 51.0 3.0 
8.950177774316845 48.0 2.0 
9.000066270947388 44.0 1.0 
9.050032716905891 42.0 3.0 
9.100138447882838 41.0 4.0 
9.150300850327671 45.0 0.0 
9.200009250853672 38.0 4.0 
9.250077388344655 42.0 0.0 
9.300170072970086 39.0 1.0 
9.350410949525209 36.0 2.0 
9.400176687523663 30.0 3.0 
9.450121804483699 30.0 5.0 
9.50003896744827 34.0 2.0 
9.550207310838685 31.0 5.0 
9.600126658079486 33.0 4.0 
9.650196011988426 34.0 2.0 
9.7000478538222 33.0 4.0 
9.750124344253743 35.0 3.0 
9.800156901074216 34.0 2.0 
9.850085917118253 32.0 5.0 
9.900042272334346 29.0 6.0 
9.950440677570674 28.0 5.0 
10.000342786580854 29.0 3.0 
10.050757387028828 24.0 6.0 
10.10008608115528 28.0 3.0 
10.150246117151275 21.0 8.0 
10.200040437750912 22.0 6.0 
10.250038336552853 24.0 4.0 
10.300208453706196 21.0 6.0 
10.350124158413058 26.0 4.0 
10.400574703211987 28.0 2.0 
10.450349308911768 27.0 2.0 
10.500153816959942 24.0 5.0 
10.550152350555571 20.0 8.0 
10.60060979424062 14.0 11.0 
10.650003422558953 19.0 6.0 
10.700098548193075 17.0 9.0 
10.750603948025194 23.0 3.0 
10.800659668555626 23.0 1.0 
10.850074334139354 20.0 4.0 
10.900035257480111 18.0 7.0 
10.95028372283878 16.0 10.0 
11.000941798596978 26.0 1.0 
11.050181699434344 18.0 8.0 
11.100043741288154 24.0 3.0 
11.150668425355125 21.0 5.0 
11.200150411865256 25.0 3.0 
11.250150397079441 22.0 5.0 
11.300460049630487 14.0 12.0 
11.350803209204868 21.0 5.0 
11.400407326056026 19.0 5.0 
11.450658133966131 24.0 3.0 
11.500093547179807 19.0 7.0 
11.550062752245118 22.0 5.0 
11.600442698614662 24.0 6.0 
11.65004350640734 30.0 2.0 
11.700033386271276 27.0 4.0 
11.750049367050375 29.0 3.0 
11.80033631154294 29.0 1.0 
11.85031096022335 24.0 6.0 
11.900208766519322 23.0 6.0 
11.950058039667452 24.0 4.0 
12.000694740332879 19.0 8.0 
12.050043582276706 15.0 13.0 
12.100203004009046 23.0 4.0 
12.150226859036374 21.0 5.0 
12.200311649469121 22.0 5.0 
12.25031472542115 20.0 7.0 
12.300958513069245 21.0 5.0 
12.350098113723902 23.0 3.0 
12.400362088037275 22.0 4.0 
12.450061936610838 19.0 6.0 
12.50047976707515 25.0 3.0 
12.550065781295071 24.0 5.0 
12.600062647296712 26.0 4.0 
12.650047551432516 26.0 4.0 
12.700158000695515 29.0 0.0 
12.75027271340515 26.0 2.0 
12.800298834575992 26.0 2.0 
12.850287633718361 24.0 4.0 
12.900120219277358 18.0 8.0 
12.95012243919357 23.0 3.0 
13.000199005431977 22.0 6.0 
13.050421323289521 24.0 5.0 
13.100029674857138 22.0 5.0 
13.150437077862183 21.0 5.0 
13.200015879363065 22.0 4.0 
13.250237272129853 25.0 3.0 
13.300313798243451 23.0 4.0 
13.350448852177108 24.0 3.0 
13.400012913947709 26.0 5.0 
13.450092767903216 26.0 5.0 
13.500053313443413 26.0 6.0 
13.550063449072823 30.0 2.0 
13.600071210078873 21.0 10.0 
13.650018214780669 29.0 4.0 
13.700362674487153 24.0 7.0 
13.750333007706999 26.0 3.0 
13.800055648427275 26.0 5.0 
13.850141968836471 27.0 4.0 
13.900039909314252 26.0 6.0 
13.951028015628015 30.0 3.0 
14.000035129705472 28.0 4.0 
14.050069739821259 32.0 1.0 
14.100101287975827 24.0 7.0 
14.150054938233403 26.0 6.0 
14.200053713343035 29.0 3.0 
14.250001750924296 31.0 1.0 
14.300590868610827 28.0 3.0 
14.350279266451514 27.0 4.0 
14.400124545332188 23.0 6.0 
14.45002656916597 26.0 4.0 
14.50000365254497 21.0 8.0 
14.550113700519573 25.0 4.0 
14.600421051355507 27.0 3.0 
14.65025244003933 25.0 5.0 
14.700222266809812 24.0 4.0 
14.750151839327556 25.0 4.0 
14.800089357451018 24.0 5.0 
14.850363527581846 26.0 5.0 
14.900115943674615 28.0 2.0 
14.950317937741284 25.0 7.0 
15.000325933519909 32.0 2.0 
15.05010215596886 30.0 4.0 
15.100200366045762 30.0 3.0 
15.15033777423431 30.0 1.0 
15.200004202524164 24.0 7.0 
15.250308272741801 24.0 7.0 
15.300009617010664 27.0 4.0 
15.350164069580467 27.0 3.0 
15.400174520810607 24.0 6.0 
15.450099484552007 28.0 3.0 
15.500028227905714 27.0 3.0 
15.550005072700326 27.0 2.0 
15.600081549993337 27.0 3.0 
15.650002968053926 22.0 5.0 
15.700053269033722 23.0 6.0 
15.750006477030965 27.0 3.0 
15.800725648395742 19.0 10.0 
15.850113501797736 27.0 2.0 
15.900066786148335 22.0 6.0 
15.950028590579773 21.0 7.0 
16.00091640602445 25.0 3.0 
16.050131073294477 24.0 4.0 
16.10003507488288 28.0 3.0 
16.1500294543088 28.0 3.0 
16.20004824931917 30.0 1.0 
16.250204540236528 25.0 5.0 
16.30007140920515 27.0 4.0 
16.350058798663802 25.0 6.0 
16.400448395540284 23.0 6.0 
16.450033756118817 25.0 3.0 
16.500188764544404 25.0 4.0 
16.55004107602092 24.0 4.0 
16.600070751983885 24.0 4.0 
16.65023823385049 23.0 5.0 
16.700171626304325 24.0 3.0 
16.750611319069552 20.0 5.0 
16.816725660624645 1.0 25.0 
16.9295870063736 1.0 26.0 
16.971430367282203 1.0 27.0 
17.01728156143267 0.0 31.0 
17.085274089904377 1.0 31.0 
17.106226053194245 2.0 32.0 
17.1790885940724 2.0 33.0 
17.249036993139736 1.0 35.0 
17.259725905094157 0.0 36.0 
17.342963856576368 1.0 36.0 
17.354756355391444 1.0 37.0 
17.50306259967517 1.0 38.0 
17.58060548024149 1.0 40.0 
17.624719730029295 1.0 41.0 
17.72962973642583 1.0 42.0 
17.79008144054436 1.0 44.0 
17.92562760618417 1.0 45.0 
18.0021221304941 1.0 46.0 
18.09922945118059 1.0 49.0 
18.103792984106196 0.0 50.0 
18.19190123319804 1.0 50.0 
18.213634957026915 1.0 51.0 
18.31373842121357 1.0 52.0 
18.351752278755086 1.0 54.0 
18.42784085141516 1.0 56.0 
18.48225019803403 1.0 57.0 
18.530282187441607 1.0 58.0 
18.57144106988171 1.0 59.0 
18.604764713797465 0.0 61.0 
18.661493676280188 2.0 62.0 
18.71659849014569 1.0 66.0 
18.780044942805937 1.0 67.0 
18.800912618004855 0.0 68.0 
18.861165251189973 1.0 69.0 
19.02778104852087 1.0 70.0 
19.120047625759252 1.0 71.0 
19.159720758224097 1.0 72.0 
19.20027971806046 0.0 74.0 
19.27193890191575 1.0 75.0 
19.36041088241861 1.0 76.0 
19.47242590344183 1.0 78.0 
19.52093096969206 1.0 79.0 
19.562628199359175 0.0 82.0 
19.605734633096837 0.0 84.0 
19.748835413237458 1.0 85.0 
19.76951401506489 1.0 86.0 
19.821849643877407 1.0 87.0 
19.857259185699583 2.0 87.0 
19.923275422033914 1.0 90.0 
19.956964658537817 1.0 92.0 
20.009188187898975 0.0 95.0 
20.0675649576914 1.0 96.0 
20.115576411296928 1.0 97.0 
20.17913839938634 1.0 98.0 
20.227851492980715 1.0 99.0 
20.273159496864505 0.0 102.0 
20.300684223711276 1.0 102.0 
20.354961940092277 1.0 104.0 
20.414161807317857 1.0 105.0 
20.453035883633575 3.0 106.0 
20.500034214460193 104.0 0.0 
20.550172067873092 99.0 1.0 
20.60002535962051 95.0 1.0 
20.650209129417576 95.0 1.0 
20.70007615000575 93.0 1.0 
20.750020844425766 92.0 1.0 
20.800068233812084 86.0 1.0 
20.850012575091004 82.0 0.0 
20.900107465372766 81.0 1.0 
20.95001770089289 76.0 2.0 
21.00007443520701 66.0 2.0 
21.050008994394545 65.0 2.0 
21.100157520080614 62.0 1.0 
21.150119841771627 57.0 3.0 
21.200091183167928 57.0 2.0 
21.250086930973065 54.0 2.0 
21.30001584654896 53.0 3.0 
21.350085439424408 48.0 3.0 
21.400000520794872 46.0 3.0 
21.450094341681442 43.0 3.0 
21.50018143778763 45.0 2.0 
21.550228919220313 45.0 3.0 
21.600159726396456 42.0 3.0 
21.650147653760317 42.0 2.0 
21.70007802789422 41.0 2.0 
21.75086581812839 36.0 5.0 
21.80000561658968 37.0 3.0 
21.850066718714906 33.0 2.0 
21.900025662374485 31.0 4.0 
21.950174453253588 30.0 6.0 
22.000062077429018 36.0 1.0 
22.05005009887535 34.0 2.0 
22.100110099461787 26.0 6.0 
22.150028802120527 28.0 3.0 
22.200103719939136 29.0 2.0 
22.25001135351642 25.0 5.0 
22.30023915359503 25.0 5.0 
22.350209797237984 26.0 3.0 
22.400737273240864 28.0 2.0 
22.45045223200817 26.0 4.0 
22.50001636967215 27.0 3.0 
22.550140811673256 24.0 5.0 
22.600174639664633 25.0 5.0 
22.650264714162546 29.0 3.0 
22.70008702355427 30.0 4.0 
22.750257156518092 33.0 2.0 
22.800055811735014 37.0 1.0 
22.85003312332067 34.0 2.0 
22.900171983127148 34.0 3.0 
22.950005884708034 31.0 4.0 
23.000085976748657 31.0 2.0 
23.050075364596932 29.0 2.0 
23.100129797915937 32.0 2.0 
23.15002465142114 33.0 1.0 
23.200053144227038 35.0 1.0 
23.250096851781237 31.0 4.0 
23.300248414204415 30.0 2.0 
23.350372169875303 26.0 6.0 
23.400104256952044 28.0 4.0 
23.450207384020732 15.0 17.0 
23.500139114287897 27.0 5.0 
23.550121088999283 33.0 2.0 
23.600190173653374 32.0 5.0 
23.650077110511702 32.0 4.0 
23.700031586143044 31.0 3.0 
23.750017363556076 32.0 3.0 
23.80004126623452 31.0 4.0 
23.850080375627865 30.0 5.0 
23.900309130979082 27.0 7.0 
23.950320501404086 29.0 4.0 
24.000318147415324 28.0 3.0 
24.050191448106226 27.0 5.0 
24.100062498786784 29.0 3.0 
24.150029809460857 28.0 5.0 
24.20000054327449 30.0 3.0 
24.25012385509044 29.0 4.0 
24.300087841759645 26.0 6.0 
24.350137426214868 27.0 3.0 
24.40002008224762 25.0 5.0 
24.45019426342644 24.0 6.0 
24.500376655831392 21.0 7.0 
24.550260353121654 16.0 10.0 
24.60004342359631 25.0 3.0 
24.65023208835395 26.0 3.0 
24.700106113486125 19.0 8.0 
24.7501218612093 21.0 5.0 
24.800371166934568 22.0 7.0 
24.85002966637692 27.0 2.0 
24.900041378278043 20.0 8.0 
24.950146272175644 22.0 5.0 
25.000273270067094 21.0 8.0 
25.050262112400056 28.0 2.0 
25.100549799328995 27.0 2.0 
25.150073838328677 23.0 6.0 
25.200105995153752 23.0 5.0 
25.2500031660177 18.0 10.0 
25.300315560848702 22.0 5.0 
25.35001927793331 24.0 2.0 
25.4000883272817 20.0 5.0 
25.45006410385479 28.0 1.0 
25.5000392901783 25.0 4.0 
25.550166144082414 29.0 1.0 
25.600274877945896 27.0 3.0 
25.650115282681284 23.0 7.0 
25.70007091287102 26.0 1.0 
25.750367252255252 23.0 3.0 
25.800098023480672 12.0 12.0 
25.850643660317342 11.0 11.0 
25.90446113321515 3.0 19.0 
25.950916769196855 0.0 23.0 
26.00516567536044 1.0 24.0 
26.066737245297503 0.0 26.0 
26.191297501305872 1.0 27.0 
26.23335888018623 1.0 28.0 
26.285604354841862 1.0 29.0 
26.406685484325745 1.0 30.0 
26.47113456436654 1.0 31.0 
26.52505671268448 1.0 33.0 
26.67157578538149 1.0 34.0 
26.819827554246597 1.0 34.0 
26.923122233123458 1.0 35.0 
26.9513855972449 0.0 37.0 
27.092940476425692 1.0 38.0 
27.13042508970032 1.0 39.0 
27.15478394214666 0.0 41.0 
27.2023315457093 4.0 39.0 
27.25002125507083 39.0 3.0 
27.3002671083246 40.0 1.0 
27.35003115541068 38.0 5.0 
27.400129284455964 45.0 1.0 
27.450107101958604 45.0 1.0 
27.500135378849844 43.0 1.0 
27.55001476762851 37.0 5.0 
27.600156030094794 38.0 4.0 
27.650017132095265 39.0 4.0 
27.70005104433248 38.0 2.0 
27.750006511886685 39.0 1.0 
27.80010190478108 39.0 2.0 
27.85023771320614 42.0 1.0 
27.900152022216258 38.0 1.0 
27.95012924675343 36.0 4.0 
28.00007967434138 36.0 1.0 
28.050085051932253 34.0 1.0 
28.100129183586237 32.0 3.0 
28.15013335716117 25.0 6.0 
28.200048716365796 28.0 2.0 
28.25001289098268 25.0 4.0 
28.300015147741586 25.0 3.0 
28.350405058830837 27.0 2.0 
28.400590995217684 20.0 7.0 
28.450125387965144 23.0 6.0 
28.500264110903842 25.0 4.0 
28.55027050391972 26.0 3.0 
28.600014729332884 26.0 1.0 
28.65009723162593 18.0 9.0 
28.7005609737726 15.0 9.0 
28.750261609125932 17.0 6.0 
28.80028281880334 21.0 3.0 
28.850018619108997 16.0 8.0 
28.9001427054139 23.0 1.0 
28.950169993198035 16.0 9.0 
29.000112534069164 19.0 4.0 
29.05107295420211 5.0 18.0 
29.100016429650953 5.0 18.0 
29.195061377367132 1.0 24.0 
29.229695414830452 0.0 25.0 
29.26369598122275 0.0 26.0 
29.35182197302012 1.0 26.0 
29.407015122538414 0.0 28.0 
29.58795203901547 1.0 28.0 
29.611835503439327 0.0 29.0 
29.69917306193036 1.0 29.0 
29.71227374657016 0.0 30.0 
29.82850326170148 1.0 30.0 
30.051314061990922 1.0 31.0 
30.104156921922367 1.0 32.0 
30.236399943698423 1.0 33.0 
30.2620452385709 1.0 34.0 
30.38617862352942 1.0 36.0 
30.506926978633363 1.0 37.0 
30.566163223791264 1.0 40.0 
30.610847277781545 1.0 41.0 
30.808167151938925 1.0 42.0 
30.852059961108935 0.0 44.0 
30.957102282698752 1.0 44.0 
31.027787991318924 1.0 46.0 
31.147758604748752 1.0 47.0 
31.15658353317996 0.0 48.0 
31.203526456367726 0.0 50.0 
31.25963325497139 0.0 52.0 
31.3765881857342 1.0 54.0 
31.409232015233002 1.0 55.0 
31.498607419017404 1.0 56.0 
31.5034066960968 0.0 57.0 
31.702444125924764 1.0 59.0 
31.7689686995129 1.0 60.0 
31.839326688674003 1.0 61.0 
31.881120349034166 1.0 62.0 
31.91650370367711 0.0 63.0 
32.01103013560287 1.0 64.0 
32.077009505450015 1.0 66.0 
32.10010420701327 67.0 2.0 
32.15011680578946 66.0 2.0 
32.200017358442125 60.0 4.0 
32.25001181521456 57.0 5.0 
32.300135058017545 58.0 0.0 
32.350193496126835 53.0 1.0 
32.40018176251179 46.0 5.0 
32.45007642908945 50.0 2.0 
32.50008195579212 44.0 6.0 
32.55015520548771 43.0 2.0 
32.60026821606636 43.0 2.0 
32.6500099916408 44.0 0.0 
32.7006980334789 40.0 2.0 
32.75021322870712 40.0 1.0 
32.80013064450402 38.0 3.0 
32.85013523877621 38.0 3.0 
32.90014572503968 40.0 1.0 
32.9502098036555 39.0 2.0 
33.000010474371265 36.0 3.0 
33.05015619370581 35.0 5.0 
33.100275228519195 35.0 5.0 
33.150039704616916 35.0 3.0 
33.20018021153199 34.0 5.0 
33.250002019066045 30.0 4.0 
33.30023890553332 30.0 3.0 
33.35035068214846 30.0 3.0 
33.40008824226485 32.0 1.0 
33.45030096291485 26.0 6.0 
33.50022721386858 31.0 4.0 
33.55004081096789 33.0 2.0 
33.600038477978096 29.0 4.0 
33.65012864419822 25.0 7.0 
33.7005422888853 27.0 5.0 
33.75038816418315 26.0 6.0 
33.80008960532195 29.0 2.0 
33.85007808631957 28.0 3.0 
33.900058411166235 22.0 9.0 
33.95001190723188 31.0 1.0 
34.00006452843972 27.0 4.0 
34.05031036457727 25.0 4.0 
34.100222934257154 23.0 3.0 
34.19406870998651 1.0 26.0 
34.285181542380634 1.0 27.0 
34.51567493001013 1.0 28.0 
34.693012923304266 1.0 29.0 
34.70681697898558 2.0 29.0 
34.903784148472056 1.0 31.0 
34.962236380181466 1.0 32.0 
35.000176271070515 0.0 35.0 
35.0635279213432 0.0 36.0 
35.17343917988426 1.0 36.0 
35.22267160845321 0.0 38.0 
35.25124129684414 1.0 40.0 
35.31628711813944 1.0 41.0 
35.35528280347253 1.0 43.0 
35.40896350327492 1.0 44.0 
35.458248789237146 0.0 47.0 
35.5139276625201 1.0 47.0 
35.564833747749255 1.0 48.0 
35.60329528508576 1.0 49.0 
35.68891259250201 1.0 51.0 
35.700065784444895 15.0 38.0 
35.750039587251564 51.0 3.0 
35.800079825999234 48.0 3.0 
35.85009681402674 48.0 1.0 
35.90011276408573 43.0 4.0 
35.95022211299402 42.0 5.0 
36.00004330271723 42.0 2.0 
36.050115148196035 37.0 5.0 
36.10061367455369 38.0 2.0 
36.15000642563162 36.0 2.0 
36.200116507189804 32.0 4.0 
36.25003606743086 25.0 9.0 
36.30019225684144 25.0 6.0 
36.35002338783363 26.0 4.0 
36.40002523136454 27.0 4.0 
36.45023982943776 26.0 5.0 
36.500012540164164 27.0 3.0 
36.550218073695824 25.0 7.0 
36.60020201438099 21.0 9.0 
36.65017344498922 24.0 6.0 
36.700370480516874 23.0 6.0 
36.75003554401769 28.0 3.0 
36.80011843033209 29.0 3.0 
36.85002517299752 23.0 9.0 
36.90033001782147 27.0 4.0 
36.95048782750537 28.0 1.0 
37.00106868407964 29.0 0.0 
37.05031177129942 25.0 5.0 
37.10018839803882 23.0 7.0 
37.15000628681612 27.0 1.0 
37.20009645998394 22.0 4.0 
37.250096679021425 20.0 6.0 
37.30107465933019 11.0 15.0 
37.350031975903995 24.0 2.0 
37.4003861299703 22.0 5.0 
37.450002934156984 25.0 2.0 
37.50015024256745 25.0 3.0 
37.55032656137194 24.0 5.0 
37.60014029393728 27.0 2.0 
37.650080846803405 21.0 8.0 
37.700301159212366 25.0 4.0 
37.750014562964594 22.0 6.0 
37.80098427911637 21.0 5.0 
37.850125013952166 19.0 5.0 
37.90022171190218 19.0 6.0 
37.950498506607 21.0 3.0 
38.00004784938029 20.0 5.0 
38.05021338514315 22.0 4.0 
38.100074158010756 19.0 6.0 
38.1501469342049 17.0 7.0 
38.20002872805497 12.0 11.0 
38.250180059504196 18.0 6.0 
38.3002430368523 17.0 6.0 
38.35023186822314 16.0 8.0 
38.40041007348005 16.0 9.0 
38.45012380069801 22.0 3.0 
38.500006010227985 17.0 8.0 
38.55054963383508 26.0 1.0 
38.60033088938345 24.0 3.0 
38.65013589194567 23.0 3.0 
38.70019207498534 20.0 6.0 
38.750353549324295 25.0 5.0 
38.80017352104536 23.0 6.0 
38.85034059428096 26.0 5.0 
38.90026485625828 24.0 6.0 
38.95009914240495 22.0 7.0 
39.00011988435799 26.0 3.0 
39.050624858138704 19.0 8.0 
39.100071092994206 25.0 2.0 
39.150344410119246 12.0 17.0 
39.20044049172935 30.0 0.0 
39.250668167229 20.0 9.0 
39.30020394993366 28.0 3.0 
39.35006942411045 25.0 6.0 
39.400197447355524 27.0 4.0 
39.45011185163856 22.0 8.0 
39.500003242604315 23.0 7.0 
39.55014702287608 28.0 2.0 
39.60011688744575 29.0 1.0 
39.65002911388967 26.0 4.0 
39.70017064985295 22.0 9.0 
39.75013537807439 28.0 2.0 
39.80024663675096 23.0 7.0 
39.85001116622787 30.0 2.0 
39.90010076065121 28.0 4.0 
39.95014670375034 29.0 3.0 
40.000008391902654 23.0 9.0 
40.050000756168764 26.0 5.0 
40.10032164100454 25.0 6.0 
40.15014248033063 23.0 5.0 
40.2001543365583 21.0 7.0 
40.25018454584739 21.0 6.0 
40.30006922687892 19.0 8.0 
40.350110317455844 20.0 7.0 
40.40004021480442 15.0 12.0 
40.45015512177383 24.0 4.0 
40.50019403213425 24.0 2.0 
40.550000340206985 21.0 5.0 
40.600377562769495 23.0 3.0 
40.65027569398252 20.0 6.0 
40.70067308104924 21.0 5.0 
40.75003686329642 24.0 3.0 
40.80028027630464 24.0 3.0 
40.85047673533173 19.0 6.0 
40.90005702153939 19.0 7.0 
40.950342843243604 20.0 7.0 
41.00022489319874 21.0 6.0 
41.050057300095034 25.0 2.0 
41.10001983376802 27.0 3.0 
41.15009257018561 29.0 4.0 
41.20008899694961 19.0 12.0 
41.25015937141734 25.0 3.0 
41.30039229080065 23.0 7.0 
41.35001959129452 27.0 4.0 
41.40012062362234 28.0 3.0 
41.450070665755796 22.0 9.0 
41.50013293715209 28.0 3.0 
41.55005214018452 27.0 4.0 
41.60018672364924 18.0 11.0 
41.650043755736036 29.0 3.0 
41.7000770236933 30.0 3.0 
41.75002955636382 24.0 6.0 
41.80000028590675 28.0 2.0 
41.850325475990644 26.0 3.0 
41.900060062912765 26.0 3.0 
41.95008792187005 20.0 7.0 
42.000131742272984 21.0 4.0 
42.05113575327858 18.0 7.0 
42.10020191550321 19.0 7.0 
42.150349796910696 23.0 4.0 
42.20043760763079 26.0 3.0 
42.25031712069593 28.0 3.0 
42.30002340623157 27.0 3.0 
42.350047552176285 25.0 5.0 
42.40043964689827 27.0 4.0 
42.450155200442126 28.0 2.0 
42.50007093013869 28.0 3.0 
42.55025956925905 30.0 2.0 
42.60005091874831 28.0 4.0 
42.650119187242225 31.0 1.0 
42.70008824900857 30.0 2.0 
42.7501230023576 23.0 5.0 
42.80019954908435 24.0 3.0 
42.85092187362931 19.0 7.0 
42.90001399766632 24.0 4.0 
42.95099171296099 27.0 2.0 
43.000279570195616 28.0 2.0 
43.050224348429396 28.0 1.0 
43.10020844549748 16.0 11.0 
43.15017470992419 20.0 7.0 
43.200181721580684 23.0 6.0 
43.25018868142197 20.0 7.0 
43.30019019065397 14.0 13.0 
43.35009440622506 19.0 8.0 
43.40016561984376 23.0 4.0 
43.4500237867172 24.0 6.0 
43.50017645428532 24.0 5.0 
43.55050777822243 27.0 3.0 
43.60018439801608 25.0 6.0 
43.650075148756535 33.0 1.0 
43.700076104941196 30.0 1.0 
43.75016705404894 21.0 9.0 
43.80012651643577 22.0 7.0 
43.85020292851398 26.0 3.0 
43.9003301234717 29.0 2.0 
43.95001303477474 29.0 4.0 
44.00039369626012 26.0 5.0 
44.050049924273374 23.0 8.0 
44.10017125059489 27.0 3.0 
44.15005363357875 25.0 5.0 
44.2000452538575 27.0 5.0 
44.25031755919197 29.0 3.0 
44.300030731406615 24.0 6.0 
44.35081645450885 27.0 3.0 
44.400002446216035 28.0 2.0 
44.45009290592676 28.0 2.0 
44.500158036025724 29.0 1.0 
44.55022196227454 23.0 7.0 
44.600158337488914 29.0 1.0 
44.650010031092805 26.0 4.0 
44.70005551190672 20.0 9.0 
44.75005691485634 28.0 1.0 
44.80002491112518 23.0 9.0 
44.85006026693033 25.0 6.0 
44.90045938438954 24.0 8.0 
44.95000306885078 28.0 4.0 
45.00002089953595 32.0 3.0 
45.05015744001585 25.0 8.0 
45.100200275443584 30.0 3.0 
45.150484512238094 35.0 0.0 
45.200011619376234 27.0 8.0 
45.25006492134203 35.0 1.0 
45.30005343929137 34.0 3.0 
45.350224066210984 35.0 3.0 
45.40024549197313 34.0 3.0 
45.4501397439306 30.0 8.0 
45.50010984195505 36.0 2.0 
45.55015879019562 37.0 2.0 
45.600026138859256 38.0 3.0 
45.650045883812304 34.0 5.0 
45.70046495467295 33.0 2.0 
45.75010111502546 34.0 2.0 
45.80008606768521 31.0 2.0 
45.85001177134604 29.0 3.0 
45.90041680036313 25.0 6.0 
45.950094899745835 27.0 4.0 
46.000183221780446 23.0 9.0 
46.05009470632648 27.0 5.0 
46.100946176731384 30.0 2.0 
46.15006171473677 28.0 4.0 
46.20006282804164 24.0 6.0 
46.250020051514625 26.0 4.0 
46.30023825164373 28.0 0.0 
46.35014101826341 25.0 4.0 
46.40010501362878 18.0 11.0 
46.45016318087083 26.0 3.0 
46.500197593049066 24.0 5.0 
46.550115369759766 29.0 1.0 
46.60003213578995 24.0 7.0 
46.650173482462776 27.0 4.0 
46.700032988592554 28.0 4.0 
46.7501048415573 29.0 3.0 
46.80009349970201 26.0 5.0 
46.85001541153236 26.0 4.0 
46.90045487149027 30.0 2.0 
46.95037934220625 25.0 6.0 
47.000426127606076 21.0 10.0 
47.0503385569048 30.0 2.0 
47.10013668512469 24.0 7.0 
47.1504957746966 25.0 4.0 
47.20009012935567 26.0 4.0 
47.250285027536094 28.0 3.0 
47.300061481234025 26.0 4.0 
47.350315427941425 27.0 3.0 
47.40040672052777 26.0 5.0 
47.450273089371585 27.0 3.0 
47.50016829668729 24.0 5.0 
47.550137476215774 21.0 7.0 
47.60031440367894 20.0 8.0 
47.65048047230671 25.0 3.0 
47.7000948937323 27.0 2.0 
47.75015556520556 25.0 7.0 
47.80001765597542 33.0 0.0 
47.85001581544517 32.0 2.0 
47.900066526497156 27.0 6.0 
47.95069211967263 30.0 2.0 
48.00031363527451 29.0 4.0 
48.05022995599911 30.0 3.0 
48.10000905317009 27.0 5.0 
48.15020956292354 29.0 2.0 
48.200195368252295 26.0 4.0 
48.25002730600887 28.0 2.0 
48.30032469542593 23.0 6.0 
48.35004349041783 28.0 1.0 
48.400139494927636 23.0 6.0 
48.450578966954 19.0 8.0 
48.5001542036358 13.0 13.0 
48.55079737547145 21.0 5.0 
48.60008735203947 20.0 6.0 
48.650132913957485 21.0 7.0 
48.70000082783328 22.0 4.0 
48.750366553159125 21.0 6.0 
48.800101760550966 22.0 6.0 
48.85010723981739 25.0 2.0 
48.900021584736756 14.0 10.0 
48.95264545422655 4.0 21.0 
49.00156013346529 1.0 26.0 
49.077469030173255 1.0 28.0 
49.10069590259143 1.0 29.0 
49.24205767197361 1.0 31.0 
49.272436199287135 1.0 32.0 
49.38457148749843 1.0 33.0 
49.44994018462685 1.0 34.0 
49.45720316609812 2.0 34.0 
49.524158934113466 1.0 36.0 
49.891782917521056 1.0 37.0 
49.934914834137224 1.0 38.0 
50.039714208982076 1.0 39.0 
#####################################################################
# End of data export. Simulation finished at: 2019-09-11T14:43+0000 #
#####################################################################
