#####################################################################
# Alchemist log file - simulation started at: 2019-09-11T14:28+0000 #
#####################################################################
# rsc = 2.0, rsm = 9.0
#
# The columns have the following meaning: 
# time X[Mean] Y[Mean] 
0.0 1.0 0.0 
1.5980569487936886 1.0 28.0 
3.008285339573088 1.0 53.0 
4.5085005143080705 0.0 91.0 
6.000114892588485 40.0 6.0 
7.500028651359493 20.0 6.0 
9.006331092181378 1.0 36.0 
10.500123824531556 27.0 4.0 
12.000202864972715 22.0 9.0 
13.700428405911545 1.0 44.0 
15.119304958054357 1.0 69.0 
16.500127084545994 45.0 3.0 
18.030146232283876 1.0 32.0 
19.500983048185123 26.0 3.0 
21.0723019569771 1.0 30.0 
22.583679343378083 1.0 60.0 
24.000023248791933 63.0 2.0 
25.500034379696853 25.0 4.0 
27.056833999158112 1.0 55.0 
28.61459929858632 1.0 85.0 
30.06959594250833 1.0 108.0 
31.500051061931664 52.0 3.0 
33.000019149011955 25.0 5.0 
34.5001777851871 24.0 6.0 
36.00014314873504 26.0 5.0 
37.64127549141016 1.0 28.0 
39.173963571764595 1.0 52.0 
40.5320700865986 1.0 75.0 
42.00002747676544 31.0 6.0 
43.50009031742435 20.0 8.0 
45.00999881988931 1.0 40.0 
46.64828699762142 1.0 63.0 
48.00017718386594 31.0 5.0 
49.50005244307017 20.0 6.0 
51.00045819110537 43.0 2.0 
52.50273671598193 0.0 33.0 
54.03189488797458 1.0 60.0 
55.50006243173174 39.0 3.0 
57.0000010990816 38.0 3.0 
58.50052101027989 24.0 4.0 
60.067894693319445 1.0 28.0 
61.50017460349287 49.0 2.0 
63.15260671632971 1.0 29.0 
64.50005732417814 47.0 1.0 
66.00025467307975 21.0 6.0 
67.5804984234344 1.0 43.0 
69.08709205759821 1.0 67.0 
70.50003332032541 36.0 1.0 
72.03192931337783 1.0 28.0 
73.53234120438977 1.0 52.0 
75.00010727477874 52.0 2.0 
76.50068097339073 15.0 10.0 
78.06287024065644 1.0 44.0 
79.55255383502902 1.0 65.0 
81.00001947859201 62.0 0.0 
82.50023821421118 31.0 6.0 
84.00033565446283 36.0 1.0 
85.50014482446642 17.0 8.0 
87.09173153042873 1.0 42.0 
88.58675857499433 1.0 68.0 
90.00013688866173 44.0 3.0 
91.50013034588521 27.0 4.0 
93.00861821897219 0.0 23.0 
94.5567156856277 1.0 57.0 
96.00007148077688 69.0 2.0 
97.50003178968825 29.0 5.0 
99.00010406195031 23.0 8.0 
100.50018307425297 28.0 2.0 
102.00016494423367 25.0 4.0 
103.53344070283367 1.0 25.0 
105.00011949042866 44.0 3.0 
106.61845960267783 1.0 22.0 
108.01695534226727 1.0 57.0 
109.50004864623374 75.0 3.0 
111.00045730395622 29.0 6.0 
112.51342752897716 1.0 42.0 
114.00038022494037 66.0 1.0 
115.50033926927014 32.0 1.0 
117.0168158769279 0.0 24.0 
118.50020115964803 23.0 6.0 
120.00041575625737 18.0 8.0 
121.50010014911915 43.0 4.0 
123.00040234028803 36.0 1.0 
124.50017618581559 15.0 9.0 
126.00007013178218 16.0 9.0 
127.50001880294916 22.0 6.0 
129.0002595625106 26.0 3.0 
130.73887337941932 1.0 25.0 
132.0900519293833 1.0 52.0 
133.53066736596395 1.0 84.0 
135.0000709809833 31.0 8.0 
136.50000700776397 28.0 5.0 
138.01528658475303 1.0 26.0 
139.50008582107722 50.0 0.0 
141.00022625216263 29.0 2.0 
142.52521766769664 1.0 23.0 
144.00148002239752 1.0 48.0 
145.50006859053443 44.0 5.0 
147.0000117275992 31.0 3.0 
148.62861213291413 1.0 42.0 
150.00012735961639 21.0 6.0 
151.54048237906963 1.0 35.0 
153.00002891479534 55.0 2.0 
154.500071803421 28.0 5.0 
156.00001072261406 24.0 3.0 
157.50014101519025 1.0 54.0 
159.09806009645422 1.0 84.0 
160.50002424671297 46.0 3.0 
162.00015825705785 30.0 2.0 
163.50011489291035 35.0 4.0 
165.0002737621358 26.0 5.0 
166.5062475731602 1.0 26.0 
168.0000368533837 46.0 2.0 
169.5001214625788 25.0 4.0 
171.0001108209759 19.0 10.0 
172.62329375231343 1.0 35.0 
174.14444977813085 1.0 67.0 
175.5084092230175 0.0 101.0 
177.00050686613005 48.0 1.0 
178.50014271756578 22.0 7.0 
180.0167480573665 2.0 44.0 
181.51257123407723 1.0 72.0 
183.00007919454825 26.0 1.0 
184.52061765977498 1.0 45.0 
186.00001720242207 36.0 7.0 
187.50008198476502 29.0 2.0 
189.00547792587545 1.0 45.0 
190.55339424091102 1.0 78.0 
192.00001987638015 78.0 4.0 
193.50005205872017 40.0 3.0 
195.0002131558664 31.0 2.0 
196.50012820191515 21.0 8.0 
198.0010558787302 3.0 41.0 
199.57554711064236 1.0 70.0 
201.00030300845563 37.0 1.0 
202.50000146275931 17.0 8.0 
204.0475285944946 1.0 55.0 
205.50002683831636 37.0 2.0 
207.00009108210915 26.0 4.0 
208.51104213383144 1.0 39.0 
210.01727938509305 1.0 64.0 
211.5002461747765 38.0 4.0 
213.0000402053175 28.0 4.0 
214.50002629848348 23.0 5.0 
216.04605587848735 1.0 40.0 
217.58594956421624 1.0 64.0 
219.00001596469386 28.0 7.0 
220.55804088727862 1.0 46.0 
222.00000114272422 38.0 2.0 
223.55208036056544 1.0 33.0 
225.0001094396578 54.0 1.0 
226.50003406506158 15.0 8.0 
228.00099261380004 1.0 42.0 
229.7113733836675 1.0 67.0 
231.0002535388244 40.0 1.0 
232.50009647671385 29.0 5.0 
234.07043288567493 1.0 24.0 
235.55465796232403 1.0 51.0 
237.00030340783547 18.0 12.0 
238.5533406669134 1.0 35.0 
240.00048285761255 20.0 3.0 
241.51848213941693 1.0 54.0 
243.0001037973941 26.0 8.0 
244.50051472143537 18.0 7.0 
246.0000123341868 27.0 4.0 
247.5025167365336 1.0 24.0 
249.03323565229266 1.0 37.0 
250.51333394297825 1.0 67.0 
252.02440880140415 1.0 98.0 
253.53238617800133 1.0 135.0 
255.00022207133813 112.0 1.0 
256.50034853510226 31.0 5.0 
258.0001410721502 27.0 4.0 
259.6186619670841 1.0 48.0 
261.0080027582338 1.0 73.0 
262.50013532969746 22.0 7.0 
264.04799919107535 1.0 30.0 
265.5501574558297 1.0 51.0 
267.0000239672488 36.0 4.0 
268.51156814509085 1.0 36.0 
270.09650053555407 1.0 62.0 
271.5365686850053 1.0 87.0 
273.0000738520081 71.0 3.0 
274.50011414865776 20.0 9.0 
276.0035741235371 1.0 50.0 
277.50003303788475 43.0 4.0 
279.0000463291373 25.0 3.0 
280.5036109777885 1.0 27.0 
282.022579661245 1.0 49.0 
283.6011695234975 1.0 77.0 
285.0505108410289 1.0 107.0 
286.5001259569595 52.0 1.0 
288.0003475877636 24.0 5.0 
289.50003723437845 20.0 8.0 
291.11391501624234 1.0 30.0 
292.53617935031497 1.0 56.0 
294.0001339324748 48.0 1.0 
295.5001003760951 30.0 3.0 
297.0000250678178 25.0 8.0 
298.50031682673705 20.0 5.0 
300.00896286498653 0.0 57.0 
301.50002873481475 55.0 2.0 
303.00027572624896 22.0 3.0 
304.58696488225763 1.0 50.0 
306.00000939543514 51.0 1.0 
307.5010160056362 27.0 2.0 
309.0441069242205 1.0 38.0 
310.5253247811797 1.0 69.0 
312.00001406432483 59.0 2.0 
313.50003736752865 20.0 7.0 
315.000340002905 12.0 10.0 
316.53245119057465 1.0 58.0 
318.0000119935947 25.0 8.0 
319.5000259459544 21.0 3.0 
321.0082063296012 1.0 53.0 
322.50011755269077 39.0 4.0 
324.0000357287645 17.0 9.0 
325.6260826312575 1.0 27.0 
327.0321649143358 1.0 47.0 
328.5121348238839 1.0 84.0 
330.0001138967046 50.0 0.0 
331.50001987685175 15.0 10.0 
333.03203988757906 1.0 38.0 
334.53990777878727 1.0 67.0 
336.00598589870407 1.0 80.0 
337.50000935354075 80.0 6.0 
339.00035248719155 33.0 3.0 
340.5007663158121 24.0 2.0 
342.13490370563545 1.0 30.0 
343.5000112192187 47.0 2.0 
345.00014441292717 31.0 4.0 
346.5332436428998 1.0 25.0 
348.0177891587187 1.0 48.0 
349.50008954527925 38.0 3.0 
351.0002079727723 25.0 1.0 
352.50004114026825 19.0 8.0 
354.044835288269 1.0 40.0 
355.50006017240815 42.0 4.0 
357.00039599870684 26.0 5.0 
358.52216889718227 1.0 32.0 
360.0000934024411 47.0 1.0 
361.5000459243791 27.0 6.0 
363.0296429315458 1.0 44.0 
364.50038098214463 14.0 12.0 
366.05332608136644 1.0 49.0 
367.500026420457 27.0 6.0 
369.0000182720589 25.0 5.0 
370.5550190145428 1.0 24.0 
372.0000927157965 35.0 2.0 
373.5000976607907 31.0 4.0 
375.0002175187763 22.0 4.0 
376.60316981219336 1.0 54.0 
378.00000350937495 28.0 5.0 
379.5005033781813 21.0 5.0 
381.0102607783369 1.0 30.0 
382.5001925560524 31.0 3.0 
384.00059179522304 22.0 5.0 
385.55429759018375 1.0 28.0 
387.00007177315604 32.0 4.0 
388.5002670759989 27.0 7.0 
390.08621741888135 1.0 37.0 
391.5000556519922 20.0 9.0 
393.00237664054526 2.0 45.0 
394.5001100983442 28.0 5.0 
396.0118302389567 1.0 44.0 
397.523943573113 1.0 71.0 
399.00900231322123 0.0 95.0 
400.500090391128 83.0 1.0 
402.0000021362201 31.0 3.0 
403.50013580916124 12.0 12.0 
405.0192724776513 1.0 42.0 
406.50012621171066 29.0 4.0 
408.000161567899 24.0 2.0 
409.5001502785402 25.0 3.0 
411.0007098335662 5.0 42.0 
412.5002736209723 19.0 7.0 
414.0000807031426 20.0 7.0 
415.50016917610213 36.0 4.0 
417.0001633175073 25.0 4.0 
418.5458066655878 1.0 32.0 
420.04458348379137 1.0 59.0 
421.50020151819433 43.0 2.0 
423.0000872508129 24.0 4.0 
424.5306603636511 1.0 44.0 
426.0027848181847 1.0 66.0 
427.5001411123818 25.0 7.0 
429.01803161565084 1.0 26.0 
430.5000026688242 28.0 4.0 
432.0902523115208 1.0 30.0 
433.50017879716484 57.0 1.0 
435.0000210133317 37.0 1.0 
436.5056071161903 1.0 33.0 
438.04325986364984 1.0 57.0 
439.5162790643309 0.0 87.0 
441.0000013340563 84.0 2.0 
442.5001059369158 32.0 2.0 
444.00015654584973 11.0 12.0 
445.5397673638432 1.0 52.0 
447.00035210027545 51.0 2.0 
448.50001201624013 32.0 2.0 
450.0014112519408 1.0 31.0 
451.500359953159 19.0 5.0 
453.0001666142344 28.0 2.0 
454.5001580619827 24.0 5.0 
456.01143502624814 0.0 40.0 
457.50035969638736 34.0 2.0 
459.00614752748146 1.0 20.0 
460.5000012890074 37.0 1.0 
462.0000758748096 30.0 3.0 
463.5003087811026 25.0 5.0 
465.0103172826138 1.0 46.0 
466.50153816262423 1.0 73.0 
468.0000150878186 71.0 4.0 
469.5000428157961 27.0 4.0 
471.13063711045993 1.0 40.0 
472.50000857515874 25.0 4.0 
474.03912938100615 1.0 37.0 
475.5023933366594 0.0 62.0 
477.0000015187179 91.0 1.0 
478.5000269826305 26.0 4.0 
480.00084248061967 20.0 6.0 
481.62342232196613 1.0 56.0 
483.00790041748184 1.0 75.0 
484.5000124867538 45.0 5.0 
486.00009902969975 34.0 3.0 
487.50028128767303 21.0 6.0 
489.0001907501441 19.0 8.0 
490.5304618508157 1.0 33.0 
492.0010958557675 1.0 60.0 
493.50042233823956 47.0 2.0 
495.00002404063525 39.0 1.0 
496.500197158312 29.0 7.0 
498.00019994078656 29.0 3.0 
499.5001021395296 36.0 1.0 
501.0002434257473 35.0 1.0 
502.5391703969161 1.0 34.0 
504.00019848826986 34.0 4.0 
505.5000080947094 24.0 4.0 
507.0006197409449 22.0 4.0 
508.5402990129321 1.0 25.0 
510.02167003095053 1.0 63.0 
511.555636384601 1.0 95.0 
513.0002625515278 97.0 2.0 
514.5000069857565 42.0 3.0 
516.0002520732088 22.0 7.0 
517.50350138436 1.0 28.0 
519.0195993105617 1.0 58.0 
520.5000522573961 29.0 3.0 
522.0001187096021 25.0 3.0 
523.5330711528151 1.0 40.0 
525.0000283005385 39.0 3.0 
526.5000995084342 23.0 4.0 
528.0001208807478 30.0 2.0 
529.5006264938517 18.0 10.0 
531.0000493799673 30.0 2.0 
532.5000108252907 25.0 4.0 
534.0000333298229 23.0 6.0 
535.5002260422284 16.0 9.0 
537.0001180979393 24.0 2.0 
538.5001546942356 24.0 2.0 
540.0126102138288 1.0 40.0 
541.5110095467029 1.0 66.0 
543.0000640493412 82.0 1.0 
544.5004439374648 22.0 7.0 
546.0037161402709 2.0 40.0 
547.5000178754838 65.0 2.0 
549.0001302815572 38.0 3.0 
550.5000052504548 27.0 2.0 
552.000405312604 25.0 6.0 
553.5032667786899 1.0 31.0 
555.0000560428929 32.0 4.0 
556.500167186694 29.0 2.0 
558.0000251202054 28.0 3.0 
559.5004877992515 23.0 6.0 
561.000358634835 1.0 38.0 
562.5001570091345 24.0 5.0 
564.0002790755527 20.0 4.0 
565.5000240719431 29.0 4.0 
567.1049702934006 1.0 30.0 
568.573586786653 1.0 62.0 
570.0003967633502 61.0 1.0 
571.5000109298131 26.0 1.0 
573.0003238500357 23.0 5.0 
574.50002096133 31.0 3.0 
576.0193652481425 1.0 33.0 
577.5075276555892 0.0 58.0 
579.0000031737655 27.0 3.0 
580.5883599238589 1.0 48.0 
582.0000076868216 68.0 4.0 
583.500336231455 34.0 2.0 
585.0006618273108 26.0 2.0 
586.5661395113883 1.0 37.0 
588.0002301769052 23.0 7.0 
589.5415112665896 1.0 34.0 
591.0000254557494 32.0 3.0 
592.5001739263503 20.0 7.0 
594.0000195882569 28.0 4.0 
595.5002222547732 23.0 5.0 
597.0280870439504 1.0 39.0 
598.500086900948 30.0 2.0 
600.0000301659563 24.0 8.0 
601.5005766275074 19.0 6.0 
603.0004826881233 22.0 5.0 
604.5007146792889 21.0 7.0 
606.0001486637461 21.0 7.0 
607.5001216983094 18.0 8.0 
609.0551999571194 1.0 40.0 
610.5004274054319 29.0 2.0 
612.0002062141791 25.0 4.0 
613.5001556919607 24.0 4.0 
615.0654748339283 1.0 28.0 
616.5430487489662 1.0 58.0 
618.0000238067182 32.0 3.0 
619.5000674088067 15.0 8.0 
621.046530169318 1.0 48.0 
622.5323705120946 1.0 77.0 
624.000084108578 52.0 2.0 
625.5001641885207 26.0 1.0 
627.0755914833844 1.0 41.0 
628.5070992427407 0.0 64.0 
630.0003672696396 29.0 5.0 
631.5001521589572 35.0 2.0 
633.0001236018248 25.0 2.0 
634.5000020238821 30.0 3.0 
636.0189066304723 1.0 41.0 
637.6043356749229 1.0 73.0 
639.0002336338806 72.0 1.0 
640.5001054194421 36.0 0.0 
642.0234641875675 1.0 48.0 
643.5339792730668 1.0 72.0 
645.0280935650903 1.0 102.0 
646.5072176777616 1.0 128.0 
648.0000044204872 62.0 0.0 
649.5002468173968 23.0 4.0 
651.0000186869757 28.0 4.0 
652.5003655027825 26.0 2.0 
654.0005752789384 27.0 1.0 
655.5259825019954 1.0 40.0 
657.0001154830107 35.0 4.0 
658.5000892172251 25.0 3.0 
660.0118810044339 1.0 35.0 
661.5000157126068 24.0 4.0 
663.0129202423241 0.0 26.0 
664.5458176373787 1.0 53.0 
666.0000381175026 27.0 3.0 
667.6593835872272 1.0 33.0 
669.0640967335625 1.0 70.0 
670.5000507441879 27.0 5.0 
672.0001941497508 30.0 5.0 
673.5006765345088 24.0 7.0 
675.0002765889279 23.0 6.0 
676.5004790306875 26.0 1.0 
678.0001878807932 29.0 4.0 
679.5803931778823 1.0 28.0 
681.0002506314713 35.0 3.0 
682.5005531588207 21.0 5.0 
684.0228261085658 1.0 26.0 
685.7096846470422 1.0 51.0 
687.0145098648212 0.0 73.0 
688.5065497230357 1.0 103.0 
690.0001532176738 45.0 2.0 
691.5000212029676 29.0 3.0 
693.0277861991843 1.0 41.0 
694.5000251707029 44.0 1.0 
696.0000707981902 24.0 3.0 
697.526332967371 1.0 43.0 
699.0000108767758 32.0 2.0 
700.5003610314419 28.0 1.0 
702.0940537259598 1.0 33.0 
703.6122388564942 1.0 53.0 
705.000539273449 30.0 5.0 
706.5000801809584 22.0 6.0 
708.0104600969045 1.0 37.0 
709.5028346200578 3.0 70.0 
711.000009369018 41.0 3.0 
712.5126800708591 1.0 25.0 
714.0411633315653 1.0 54.0 
715.5001025781401 71.0 1.0 
717.0002238751648 27.0 4.0 
718.5000286302114 36.0 2.0 
720.0000760735807 24.0 5.0 
721.6712824286442 1.0 36.0 
723.0661018605649 1.0 66.0 
724.5003773583048 31.0 2.0 
726.0001369436694 21.0 5.0 
727.6216388683471 1.0 25.0 
729.0000638632443 43.0 3.0 
730.5004044737367 29.0 3.0 
732.0003828515516 24.0 3.0 
733.500190141761 25.0 8.0 
735.0056600181435 4.0 21.0 
736.5406190107911 1.0 53.0 
738.0000146897896 44.0 4.0 
739.5000497035987 23.0 6.0 
741.0011278281096 1.0 21.0 
742.5608499516247 1.0 56.0 
744.0001154093483 43.0 4.0 
745.5001796047384 28.0 1.0 
747.0135657356719 1.0 49.0 
748.5908752719147 1.0 74.0 
750.0000010941778 36.0 5.0 
751.5375777092366 1.0 34.0 
753.0697439283861 1.0 62.0 
754.5000011509657 84.0 3.0 
756.0000422509197 36.0 4.0 
757.5000050873745 20.0 6.0 
759.0005552341726 31.0 1.0 
760.587062703551 1.0 29.0 
762.0907712235027 1.0 52.0 
763.554112739439 1.0 76.0 
765.0002850417345 41.0 5.0 
766.5001633480686 28.0 5.0 
768.0000059278685 25.0 2.0 
769.5210071599332 1.0 47.0 
771.0001352251262 41.0 1.0 
772.5000269601762 29.0 1.0 
774.0117633266989 1.0 49.0 
775.5000911629531 52.0 2.0 
777.0005661430481 25.0 3.0 
778.5002626232272 27.0 4.0 
780.0000159776768 26.0 3.0 
781.5000376513141 24.0 5.0 
783.0000703604462 27.0 3.0 
784.5349830853263 1.0 29.0 
786.1197697766822 1.0 57.0 
787.5002682774357 31.0 1.0 
789.0000736636125 0.0 28.0 
790.5947643673131 1.0 54.0 
792.0000053451946 31.0 3.0 
793.5009583947566 28.0 0.0 
795.0000305439407 18.0 9.0 
796.5000395765701 29.0 1.0 
798.0031228433231 0.0 47.0 
799.51561301923 1.0 72.0 
801.0000375855619 29.0 3.0 
802.501011619978 26.0 2.0 
804.0001240602174 30.0 5.0 
805.5000931897897 28.0 4.0 
807.0001900811866 30.0 2.0 
808.5272707090172 1.0 30.0 
810.0000020908382 58.0 3.0 
811.5000978244614 28.0 5.0 
813.2359507297907 1.0 33.0 
814.5598542049154 1.0 56.0 
816.0345503935811 1.0 80.0 
817.5002118210346 50.0 0.0 
819.000216964533 33.0 2.0 
820.5001920644784 22.0 7.0 
822.0452997632011 1.0 46.0 
823.5004393874491 47.0 2.0 
825.0006358135511 26.0 2.0 
826.500217450136 26.0 8.0 
828.0000520671432 23.0 4.0 
829.5002352891836 14.0 8.0 
831.0279584267125 1.0 24.0 
832.5450259422429 1.0 56.0 
834.0000383128535 65.0 2.0 
835.5001936601725 25.0 6.0 
837.0000503157751 35.0 2.0 
838.5000778600313 23.0 4.0 
840.0023535159418 2.0 27.0 
841.5005976103179 24.0 4.0 
843.0512393766945 1.0 28.0 
844.5080767095399 1.0 52.0 
846.0000871830475 23.0 10.0 
847.5000486944966 25.0 6.0 
849.0292535932181 1.0 51.0 
850.5004244629304 20.0 6.0 
852.0001222811976 23.0 5.0 
853.5389828373065 1.0 47.0 
855.000102444155 39.0 2.0 
856.5493077502961 1.0 29.0 
858.0000110428062 36.0 3.0 
859.500378928404 21.0 7.0 
861.0003394724179 19.0 8.0 
862.5000715084086 22.0 7.0 
864.0004583120868 21.0 6.0 
865.5208633748231 1.0 35.0 
867.0001972215191 68.0 2.0 
868.5002574622448 27.0 4.0 
870.0069578051116 1.0 42.0 
871.5004498300297 26.0 3.0 
873.0002654788047 23.0 4.0 
874.5666475566503 1.0 44.0 
876.1071893824518 1.0 70.0 
877.5149422957317 1.0 94.0 
879.0003158549963 26.0 8.0 
880.5000001704799 32.0 5.0 
882.000196775825 27.0 5.0 
883.5002223126788 25.0 3.0 
885.0002753937674 34.0 2.0 
886.5028245010528 1.0 31.0 
888.0179734323837 0.0 67.0 
889.500325962354 35.0 3.0 
891.0003498364515 18.0 11.0 
892.7471869804609 1.0 36.0 
894.0000915204937 48.0 3.0 
895.5000049535815 30.0 2.0 
897.000654136841 1.0 37.0 
898.5352247089853 1.0 62.0 
900.0000154505909 92.0 1.0 
901.5000936476296 38.0 2.0 
903.0000063069433 21.0 6.0 
904.5057539040142 1.0 43.0 
906.0001233212513 19.0 8.0 
907.5102335380086 1.0 34.0 
909.0000637842916 40.0 4.0 
910.5002482115462 21.0 7.0 
912.0367405910375 2.0 27.0 
913.515019443432 1.0 61.0 
915.000106404895 24.0 4.0 
916.5003032788707 22.0 5.0 
918.1205542065222 1.0 52.0 
919.5000831774084 55.0 3.0 
921.000153600047 28.0 3.0 
922.5144673384433 0.0 31.0 
924.0312328289717 2.0 58.0 
925.5000526393542 35.0 2.0 
927.000464172095 28.0 3.0 
928.5000942669146 46.0 3.0 
930.0003116981915 37.0 5.0 
931.5000154343846 26.0 4.0 
933.0151962774546 0.0 33.0 
934.5514255461062 1.0 58.0 
936.0002185902172 71.0 0.0 
937.5001764489765 24.0 6.0 
939.0003101707648 21.0 4.0 
940.5205657386764 1.0 52.0 
942.0000804121264 36.0 3.0 
943.5002029350089 21.0 6.0 
945.0003824047066 23.0 6.0 
946.5067243812127 1.0 45.0 
948.0001401004563 38.0 3.0 
949.5001607500333 18.0 9.0 
951.0277910662211 1.0 39.0 
952.5653328378964 1.0 75.0 
954.0001084105148 27.0 3.0 
955.5001560025102 24.0 2.0 
957.0041604748174 1.0 35.0 
958.5338185430248 1.0 60.0 
960.0788703456659 1.0 87.0 
961.500030717182 46.0 2.0 
963.0001549010512 23.0 5.0 
964.5748663597138 1.0 36.0 
966.1210668394901 1.0 59.0 
967.5006903794405 9.0 16.0 
969.0000804909042 26.0 5.0 
970.5056403279555 1.0 41.0 
972.0003526292427 75.0 0.0 
973.5001137401426 34.0 5.0 
975.0835271602052 1.0 31.0 
976.5704594334846 1.0 61.0 
978.0000586679455 64.0 1.0 
979.5000231872336 31.0 3.0 
981.0000486000373 28.0 5.0 
982.5008297691363 19.0 5.0 
984.0003861072203 32.0 2.0 
985.5000330267943 23.0 7.0 
987.0003055438008 29.0 3.0 
988.5001743983546 26.0 4.0 
990.0064595814177 0.0 43.0 
991.5165823796902 1.0 21.0 
993.0531837052761 1.0 53.0 
994.5000148573899 38.0 2.0 
996.0001482670657 22.0 4.0 
997.5070205345954 0.0 45.0 
999.0006050266093 32.0 2.0 
1000.5000647628898 24.0 5.0 
1002.017090551513 1.0 36.0 
1003.50024399907 30.0 5.0 
1005.0002753867334 23.0 5.0 
1006.5117218397006 2.0 35.0 
1008.0002626180537 42.0 1.0 
1009.5000240296096 16.0 9.0 
1011.0159030946968 1.0 49.0 
1012.500015396334 79.0 1.0 
1014.0000717114833 34.0 3.0 
1015.5284295020398 0.0 28.0 
1017.0001961176966 46.0 2.0 
1018.5006621041902 33.0 1.0 
1020.0000788104587 29.0 5.0 
1021.5190285796019 1.0 38.0 
1023.0010010453367 2.0 63.0 
1024.5000537653525 34.0 3.0 
1026.0553824731662 1.0 34.0 
1027.5001064649957 29.0 3.0 
1029.0002724881238 15.0 9.0 
1030.5000239957594 20.0 6.0 
1032.000005924977 28.0 3.0 
1033.5000493584866 25.0 4.0 
1035.0183364797706 1.0 43.0 
1036.5256863892525 1.0 68.0 
1038.0000827031731 46.0 2.0 
1039.5001032384666 26.0 4.0 
1041.0001093238736 25.0 3.0 
1042.5363559291766 1.0 45.0 
1044.0001396643597 27.0 2.0 
1045.500340866189 16.0 9.0 
1047.003221682846 2.0 65.0 
1048.5001463909177 34.0 3.0 
1050.0000035830008 25.0 4.0 
1051.5000560102774 31.0 2.0 
1053.0000495141485 22.0 6.0 
1054.5001094864392 38.0 3.0 
1056.0003521332965 26.0 1.0 
1057.6250752773733 1.0 43.0 
1059.009346213111 1.0 71.0 
1060.5002826977247 51.0 1.0 
1062.0000206193947 32.0 4.0 
1063.5000882126117 26.0 0.0 
1065.000128116018 16.0 10.0 
1066.592405654418 1.0 41.0 
1068.0000239931667 60.0 4.0 
1069.5000687131649 35.0 1.0 
1071.0000407388814 25.0 3.0 
1072.5015726800846 1.0 35.0 
1074.0000047814444 68.0 0.0 
1075.5001161138232 32.0 1.0 
1077.000186477964 24.0 5.0 
1078.5000886792645 22.0 6.0 
1080.01017760659 1.0 61.0 
1081.500121712265 41.0 4.0 
1083.0001097253844 22.0 5.0 
1084.5305446810262 1.0 31.0 
1086.0000026431185 45.0 1.0 
1087.500007132268 23.0 4.0 
1089.1198511079049 1.0 52.0 
1090.5000535215343 71.0 3.0 
1092.000001414104 30.0 4.0 
1093.5002228593562 27.0 1.0 
1095.0001083588365 13.0 10.0 
1096.508454048437 0.0 49.0 
1098.0000651916014 46.0 1.0 
1099.5000252825077 30.0 3.0 
1101.0153201893886 1.0 32.0 
1102.506133338614 1.0 65.0 
1104.036533573485 1.0 95.0 
1105.500032975714 93.0 1.0 
1107.0000061337275 42.0 2.0 
1108.5000652853369 20.0 5.0 
1110.0004702374213 22.0 3.0 
1111.5043099210961 1.0 39.0 
1113.0000388878045 41.0 4.0 
1114.5007484527043 18.0 9.0 
1116.0001173112194 24.0 4.0 
1117.5001858365579 22.0 6.0 
1119.0000806119235 24.0 6.0 
1120.5173771032826 1.0 36.0 
1122.0000384755692 40.0 4.0 
1123.5002390597756 32.0 5.0 
1125.0000831484472 19.0 7.0 
1126.5016786015926 4.0 18.0 
1128.0002364481782 31.0 2.0 
1129.5223935023093 1.0 31.0 
1131.0000433915213 44.0 9.0 
1132.5000005472439 18.0 7.0 
1134.0000984526766 31.0 4.0 
1135.5001328813462 35.0 1.0 
1137.0000030305341 23.0 6.0 
1138.5002613290426 20.0 8.0 
1140.0000213316964 51.0 4.0 
1141.5001288401475 28.0 5.0 
1143.000286836626 26.0 5.0 
1144.500471598156 16.0 6.0 
1146.000029538128 22.0 7.0 
1147.5000120397706 26.0 5.0 
1149.0002066823106 16.0 9.0 
1150.5000578777617 9.0 15.0 
1152.041658110337 1.0 38.0 
1153.5193953501948 1.0 64.0 
1155.0000104845149 80.0 2.0 
1156.500220520495 36.0 3.0 
1158.0003829348311 35.0 3.0 
1159.5000155839068 31.0 1.0 
1161.0001664768313 30.0 4.0 
1162.500015937538 26.0 6.0 
1164.001578361431 1.0 42.0 
1165.5160453771095 1.0 70.0 
1167.0001307150583 47.0 1.0 
1168.5000785746638 26.0 6.0 
1170.0004479955398 21.0 6.0 
1171.5002130195735 36.0 4.0 
1173.0004344474685 17.0 8.0 
1174.5616945042107 1.0 34.0 
1176.0000161538617 20.0 5.0 
1177.5000894023012 20.0 7.0 
1179.0002925591475 2.0 49.0 
1180.5000602603193 28.0 8.0 
1182.0551330760075 1.0 32.0 
1183.5776098399883 1.0 53.0 
1185.0006708604053 46.0 0.0 
1186.5000479736327 33.0 3.0 
1188.000034776702 21.0 5.0 
1189.5002251329886 23.0 4.0 
1191.0000921335472 23.0 5.0 
1192.516750971603 0.0 36.0 
1194.0349692849643 1.0 67.0 
1195.5000308971858 40.0 5.0 
1197.0000290426535 27.0 6.0 
1198.5078954668352 1.0 24.0 
1200.0001617019575 38.0 2.0 
1201.5001795885912 22.0 6.0 
1203.0649199369589 1.0 47.0 
1204.5002812213081 35.0 5.0 
1206.0000210816543 31.0 3.0 
1207.5016997729645 1.0 26.0 
1209.0095882513585 0.0 53.0 
1210.6206427702537 1.0 86.0 
1212.0001384971947 28.0 5.0 
1213.500191543888 30.0 0.0 
1215.0000600511216 22.0 7.0 
1216.5002993571832 21.0 8.0 
1218.1105955039743 1.0 25.0 
1219.5028299131475 1.0 28.0 
1221.0004233307025 23.0 8.0 
1222.500988765639 11.0 11.0 
1224.0052847756176 1.0 52.0 
1225.5002308918886 24.0 5.0 
1227.0000805027407 24.0 2.0 
1228.5000426998176 25.0 5.0 
1230.0002126533468 9.0 14.0 
1231.5021406232456 1.0 50.0 
1233.0000004786689 90.0 2.0 
1234.5004524097135 37.0 2.0 
1236.000082845743 25.0 3.0 
1237.5000892461308 22.0 5.0 
1239.0024635460877 1.0 49.0 
1240.5000193522853 63.0 3.0 
1242.0003884868172 33.0 2.0 
1243.5000404291673 30.0 2.0 
1245.005234384639 0.0 46.0 
1246.5000635729289 27.0 3.0 
1248.0001435018294 24.0 1.0 
1249.5159333487477 1.0 45.0 
1251.0149463404066 1.0 83.0 
1252.5000381841492 37.0 4.0 
1254.000094315421 24.0 4.0 
1255.5002776963163 38.0 2.0 
1257.000288349231 29.0 3.0 
1258.5855432847943 1.0 39.0 
1260.010622218205 1.0 66.0 
1261.5001277641684 51.0 1.0 
1263.0006296149538 26.0 3.0 
1264.5153217758075 0.0 48.0 
1266.0000396026373 36.0 1.0 
1267.5000761363804 22.0 7.0 
1269.0006246513099 0.0 26.0 
1270.5022594054215 1.0 50.0 
1272.007076802257 1.0 83.0 
1273.5000805578452 97.0 1.0 
1275.0000410131772 20.0 8.0 
1276.5002243293322 27.0 3.0 
1278.0594156380337 1.0 52.0 
1279.5000039802007 36.0 2.0 
1281.0011180544543 26.0 1.0 
1282.5005832918835 8.0 15.0 
1284.0064487830284 2.0 53.0 
1285.5002278483178 21.0 7.0 
1287.0000070981187 39.0 3.0 
1288.500220216252 20.0 3.0 
1290.0044209447728 0.0 41.0 
1291.5006936395691 0.0 74.0 
1293.0595335712087 1.0 97.0 
1294.5544990366416 1.0 131.0 
1296.0000717796013 50.0 4.0 
1297.5000887052488 41.0 1.0 
1299.0000029378414 31.0 4.0 
1300.5403665818747 1.0 42.0 
1302.0698448403577 1.0 67.0 
1303.5000244603439 41.0 3.0 
1305.0003581214837 20.0 4.0 
1306.500039405426 37.0 4.0 
1308.0554908634715 1.0 37.0 
1309.5119519004531 0.0 65.0 
1311.0219719920196 0.0 100.0 
1312.5000987127971 82.0 1.0 
1314.0000866355158 38.0 3.0 
1315.5657441902404 1.0 29.0 
1317.001221823504 22.0 7.0 
1318.5000736531563 33.0 5.0 
1320.000105600669 24.0 7.0 
1321.5001389470199 21.0 6.0 
1323.0263181795958 1.0 38.0 
1324.5498115282992 1.0 61.0 
1326.000067429791 40.0 3.0 
1327.5000245106537 13.0 13.0 
1329.050004014497 1.0 45.0 
1330.5000485668625 31.0 3.0 
1332.0002908041276 21.0 7.0 
1333.5001462093123 1.0 43.0 
1335.000087178634 48.0 5.0 
1336.5000871998743 17.0 9.0 
1338.0005840815693 10.0 16.0 
1339.5000578282709 21.0 6.0 
1341.02536474213 1.0 52.0 
1342.5097147761578 1.0 88.0 
1344.000234788297 99.0 1.0 
1345.5000681303418 41.0 4.0 
1347.0000097360546 33.0 2.0 
1348.500145908016 22.0 6.0 
1350.0072706531082 2.0 39.0 
1351.5002777103725 17.0 8.0 
1353.0061519689293 2.0 25.0 
1354.5044732380352 1.0 38.0 
1356.0000377060273 61.0 2.0 
1357.5002296082876 30.0 4.0 
1359.0000925795891 30.0 4.0 
1360.618421949158 1.0 26.0 
1362.2816368762954 1.0 56.0 
1363.5002977252589 48.0 2.0 
1365.0004894189226 24.0 5.0 
1366.5000632960712 28.0 2.0 
1368.001134191974 1.0 53.0 
1369.5288572984127 1.0 82.0 
1371.000059524357 70.0 2.0 
1372.5000932598055 27.0 2.0 
1374.0001718821725 24.0 5.0 
1375.5000203996806 21.0 3.0 
1377.0000010609983 28.0 2.0 
1378.500384739469 18.0 9.0 
1380.0293706777024 0.0 41.0 
1381.5000071313732 64.0 0.0 
1383.0000734204882 27.0 4.0 
1384.572693693467 1.0 30.0 
1386.0613220847015 1.0 57.0 
1387.500033452862 15.0 9.0 
1389.0053919876177 1.0 49.0 
1390.5000099775764 46.0 4.0 
1392.0001763354044 27.0 4.0 
1393.547888472896 1.0 35.0 
1395.0002119137446 34.0 4.0 
1396.5002378238235 23.0 7.0 
1398.0000830862978 20.0 7.0 
1399.5095591245827 1.0 45.0 
1401.115250686638 1.0 68.0 
1402.5001516355169 31.0 3.0 
1404.0001522358275 25.0 6.0 
1405.500204075162 18.0 11.0 
1407.0001029536418 11.0 12.0 
1408.517630885911 1.0 46.0 
1410.0002780721911 34.0 2.0 
1411.5000150162589 35.0 4.0 
1413.000469648125 25.0 2.0 
1414.5029656053011 0.0 30.0 
1416.0003348382847 19.0 4.0 
1417.5755018270654 1.0 45.0 
1419.0000340626925 28.0 3.0 
1420.5000287209468 31.0 4.0 
1422.0001025551348 24.0 8.0 
1423.505270062325 0.0 43.0 
1425.000426469115 57.0 1.0 
1426.500061391178 20.0 9.0 
1428.007082986712 1.0 26.0 
1429.5121991155643 1.0 58.0 
1431.0000666628787 41.0 3.0 
1432.5000911748346 30.0 2.0 
1434.000044776365 25.0 4.0 
1435.5065667564431 0.0 49.0 
1437.0003543383468 60.0 1.0 
1438.500017438228 31.0 2.0 
1440.2573205263843 1.0 39.0 
1441.5135340261345 1.0 58.0 
1443.0176488228255 1.0 88.0 
1444.5000854504328 56.0 1.0 
1446.0004591315246 33.0 2.0 
1447.5000442791545 27.0 2.0 
1449.046419094992 1.0 34.0 
1450.510399346101 1.0 61.0 
1452.0003504430344 44.0 1.0 
1453.5000520935082 28.0 5.0 
1455.0091860440018 1.0 24.0 
1456.500010781136 49.0 3.0 
1458.000104541032 27.0 1.0 
1459.5000623535998 2.0 23.0 
1461.006173554332 1.0 56.0 
1462.5000796962843 23.0 10.0 
1464.0000155171224 25.0 3.0 
1465.5001312508828 24.0 4.0 
1467.0000048546187 16.0 11.0 
1468.5281587494749 1.0 44.0 
1470.125780124946 1.0 82.0 
1471.500098249381 37.0 2.0 
1473.0004188264052 23.0 3.0 
1474.5094322727248 1.0 36.0 
1476.0001464450668 65.0 0.0 
1477.500035399322 28.0 4.0 
1479.0001338408547 29.0 4.0 
1480.5000614560017 29.0 3.0 
1482.0090266512445 1.0 42.0 
1483.5013961436587 1.0 76.0 
1485.0000698631052 32.0 1.0 
1486.5000247492264 42.0 2.0 
1488.0064170020105 0.0 26.0 
1489.5009287339803 23.0 7.0 
1491.0001592300885 28.0 1.0 
1492.5001598221397 20.0 7.0 
1494.035274682151 1.0 42.0 
1495.5000613797083 47.0 2.0 
1497.0219227328141 1.0 22.0 
1498.533134885622 1.0 55.0 
1500.0000043296925 41.0 3.0 
#####################################################################
# End of data export. Simulation finished at: 2019-09-11T14:29+0000 #
#####################################################################
